# Created by Octave 3.8.2, Fri Feb 10 13:02:12 2017 MSK <root@raidix12>
# name: y
# type: uint32 matrix
# ndims: 2
 1 6400
 28546
 29011
 30939
 26806
 24562
 22728
 16542
 20402
 20905
 24433
 24453
 24877
 28662
 24684
 26775
 22843
 27044
 30231
 24642
 22903
 24572
 26495
 24564
 28975
 24672
 28654
 30592
 26671
 22758
 26694
 20569
 16147
 28686
 26774
 30950
 20963
 28752
 22507
 31035
 22840
 22317
 20374
 28857
 25230
 24802
 28714
 24751
 24693
 28700
 20834
 24892
 20771
 23108
 28279
 24619
 28828
 24746
 20473
 20855
 28583
 29321
 30376
 24907
 26472
 24546
 26733
 27546
 28777
 22718
 31162
 28971
 28652
 33424
 22579
 30780
 26983
 24554
 27192
 32910
 24730
 26546
 20518
 24752
 24561
 24937
 18845
 24439
 22570
 32769
 24702
 26864
 26763
 25085
 29203
 22763
 22516
 26911
 26859
 26770
 20629
 28105
 20822
 26715
 26319
 26811
 30762
 24343
 24394
 28898
 18252
 20642
 26675
 22258
 30591
 31192
 28953
 28856
 28870
 26822
 26579
 24651
 24746
 29067
 24503
 30644
 20732
 16473
 29124
 26143
 24886
 24213
 24568
 29255
 27109
 22715
 24767
 28714
 27146
 24320
 30782
 22756
 26626
 24691
 25058
 29093
 18704
 26964
 22976
 16242
 29115
 22777
 32992
 28515
 24370
 22182
 18869
 24370
 26899
 30703
 26426
 26885
 26460
 28615
 24674
 20544
 22797
 26574
 22374
 24760
 26913
 26893
 22453
 20561
 28800
 26824
 24180
 22772
 24946
 24797
 28828
 26761
 24961
 22314
 27438
 30919
 24509
 26645
 22842
 24474
 20745
 28652
 24746
 26669
 26608
 18482
 22037
 31121
 22841
 22329
 28641
 24570
 20034
 26959
 31051
 32623
 30976
 27154
 24498
 26815
 22555
 20645
 26723
 32747
 26924
 30859
 28723
 24955
 24491
 26604
 27312
 26781
 27015
 28280
 22543
 26787
 26876
 26796
 24128
 28975
 18851
 24417
 18604
 16450
 29064
 22975
 18582
 27083
 20372
 26661
 24848
 22584
 26630
 20737
 16568
 20540
 24511
 30608
 24769
 26809
 26920
 20473
 22624
 28644
 26721
 18499
 26577
 28354
 26436
 31065
 30947
 30435
 24779
 26953
 28846
 24086
 30988
 30500
 31080
 31143
 26711
 20344
 26679
 26962
 27162
 22835
 26917
 24648
 28535
 24641
 20689
 22505
 33141
 18493
 22656
 20401
 24647
 24668
 24661
 32682
 22778
 20196
 22762
 26620
 20735
 26342
 26886
 20495
 28865
 20902
 24450
 16375
 26619
 26594
 28454
 24786
 26667
 22353
 26820
 26967
 22809
 18320
 29045
 22654
 24756
 22420
 29210
 28546
 29099
 24724
 26847
 29067
 24322
 27005
 26473
 29080
 22963
 30945
 23131
 24744
 24502
 26480
 28781
 22528
 20914
 28574
 28457
 26806
 30947
 26884
 26932
 28535
 22491
 28979
 24892
 22587
 26581
 22311
 26837
 18560
 26666
 26624
 28911
 22155
 26812
 22921
 30990
 26747
 26798
 24377
 24368
 23092
 24927
 24721
 22673
 22586
 24349
 26485
 20880
 33084
 26548
 26616
 27080
 26802
 31005
 26966
 30379
 25145
 29169
 30688
 20663
 26799
 26135
 24392
 26867
 24739
 24853
 26446
 26616
 25286
 28880
 26743
 22657
 28973
 24399
 26765
 28764
 24618
 28721
 25024
 22049
 20857
 24812
 30531
 22780
 22907
 24683
 27001
 20605
 32937
 24836
 24860
 30916
 22736
 24454
 22884
 26356
 30964
 26871
 24657
 18372
 27137
 24940
 25219
 26637
 22753
 20918
 26368
 29167
 22392
 28818
 26962
 22368
 16670
 26637
 24596
 26466
 30635
 22784
 26105
 27102
 20625
 28601
 22699
 32797
 22579
 24753
 18471
 30370
 31022
 28946
 30745
 16514
 30566
 20482
 22597
 24751
 26884
 26367
 28631
 24734
 22774
 26984
 20402
 28718
 23006
 24610
 28742
 26721
 20512
 22892
 30569
 30423
 22736
 22357
 28931
 28605
 28728
 18531
 28639
 22699
 26894
 26521
 22601
 26760
 28851
 26732
 29074
 28833
 28805
 26791
 20735
 26643
 26816
 19987
 24988
 32717
 26413
 28769
 20809
 31033
 20549
 24742
 22037
 31090
 26388
 20324
 29240
 24856
 18849
 24840
 24828
 30714
 24913
 26846
 22487
 20421
 24638
 24952
 28535
 22883
 26712
 29050
 27024
 30800
 26873
 22717
 28260
 26684
 26892
 28285
 28873
 24823
 26576
 24373
 26537
 29213
 20574
 18324
 27003
 30856
 26317
 24465
 22793
 29164
 18553
 24824
 24875
 20998
 26898
 24578
 28866
 26395
 24606
 20405
 24795
 24770
 26884
 28808
 24555
 30537
 24811
 24421
 22884
 18463
 24777
 20617
 22842
 26630
 28617
 28933
 22396
 31060
 28862
 24838
 30550
 30450
 27097
 24549
 24613
 24592
 28808
 28661
 22542
 26964
 25004
 22856
 26874
 24634
 22794
 18664
 28960
 28962
 23102
 27046
 26884
 26735
 30386
 22407
 20649
 24536
 24959
 26707
 24778
 25062
 18690
 22390
 30605
 28531
 29004
 24775
 27086
 25078
 26817
 28741
 24330
 26373
 33012
 26889
 24569
 26793
 28608
 24936
 29122
 26398
 28306
 20730
 28667
 21264
 24685
 22460
 18333
 26651
 22449
 28802
 27063
 26891
 26977
 22583
 26573
 22442
 26609
 24878
 28561
 30904
 22624
 22849
 24899
 26685
 22483
 24300
 26633
 26781
 18682
 26972
 24257
 24883
 24503
 28433
 28894
 22368
 22573
 20585
 28716
 26756
 26709
 24746
 26836
 24410
 26794
 24561
 26822
 22597
 24208
 23036
 27082
 22592
 24598
 28667
 29015
 30881
 20500
 28604
 22630
 22835
 24967
 25090
 29025
 24741
 29015
 27066
 28791
 24532
 23189
 24519
 26728
 25186
 28937
 27020
 30756
 26713
 32582
 22567
 18602
 20377
 22510
 26509
 24813
 29079
 33079
 31091
 26729
 22683
 16569
 24312
 27067
 20422
 22646
 28258
 24740
 26926
 28655
 25025
 27059
 26836
 24940
 25005
 26724
 24999
 27001
 28998
 26957
 28721
 26698
 28670
 27220
 28903
 28600
 28985
 22936
 20713
 26599
 28993
 24252
 26622
 28524
 22953
 18556
 22505
 20419
 26685
 31302
 28640
 22453
 30807
 20588
 24618
 28970
 27176
 22928
 26756
 29133
 28978
 26666
 20270
 22814
 17933
 26447
 24737
 26881
 26804
 24390
 26848
 21053
 24848
 22470
 26808
 27092
 23008
 18799
 23056
 31010
 22436
 28728
 22560
 22637
 26938
 28616
 20616
 25126
 26799
 28504
 20645
 24780
 28724
 26926
 28973
 26864
 26447
 24690
 24699
 16309
 21014
 24516
 26694
 24420
 28417
 22596
 18524
 26598
 28898
 26724
 24762
 26654
 24970
 31115
 26817
 27064
 26620
 28419
 24612
 30732
 22576
 22387
 26768
 20702
 26613
 24724
 22484
 26699
 26867
 30795
 30973
 25176
 30708
 20675
 27174
 30164
 33126
 27042
 16277
 20778
 24223
 24894
 22208
 26720
 22913
 20827
 28866
 20877
 30752
 22944
 20544
 20447
 19040
 24898
 28732
 27001
 24874
 30640
 26712
 26502
 24780
 26972
 24767
 30127
 24980
 28626
 22549
 24677
 24984
 30645
 24651
 22670
 30999
 26669
 26545
 22266
 24113
 24988
 30539
 26837
 22647
 25203
 20631
 24680
 26451
 30544
 28882
 20417
 22679
 25333
 28681
 20702
 24351
 28256
 24712
 26385
 24702
 26713
 30576
 20714
 22540
 24304
 26652
 20988
 27239
 24665
 20460
 26422
 30528
 24460
 31019
 26572
 24926
 24501
 24852
 20678
 16630
 26631
 31021
 26732
 30792
 22880
 22637
 24654
 24707
 22662
 28637
 26430
 28882
 27027
 22670
 24734
 18591
 20469
 26495
 24724
 26613
 32988
 26881
 22074
 30858
 24599
 18131
 24864
 24767
 24890
 31193
 26513
 14459
 26793
 28419
 24485
 22934
 28356
 26849
 24798
 22672
 24980
 24668
 28914
 29106
 28909
 22817
 28625
 28908
 28311
 33300
 24684
 22830
 22719
 26638
 28530
 28781
 20645
 26637
 26702
 24885
 30704
 30621
 31159
 24645
 24879
 29272
 26991
 28302
 18252
 16468
 28782
 24559
 16439
 26975
 24313
 25056
 22905
 28849
 26602
 28716
 30971
 26734
 26564
 26884
 24654
 20621
 32908
 30662
 22107
 28473
 26567
 24757
 22859
 24505
 26629
 23364
 28839
 24756
 30527
 32825
 20479
 26813
 24646
 26767
 27012
 20613
 30582
 16477
 26794
 24415
 27137
 25076
 22625
 31032
 30657
 22822
 32739
 24858
 26583
 26565
 24373
 20336
 20893
 24772
 25393
 26828
 24800
 26868
 26690
 30471
 20701
 20692
 24833
 32624
 29006
 24713
 26747
 26424
 26213
 24637
 22394
 24552
 26960
 23034
 30804
 22904
 26581
 28465
 28625
 31228
 30591
 28802
 22928
 31205
 22571
 24948
 26664
 22438
 25226
 26751
 30797
 27299
 16412
 24944
 20666
 31139
 22368
 20656
 22757
 28848
 24680
 26987
 22654
 26847
 24542
 26868
 24615
 20512
 30570
 18625
 26471
 28790
 26978
 18533
 24598
 24725
 16423
 22585
 30520
 18519
 24703
 28508
 31021
 24548
 20474
 20637
 22408
 28546
 28682
 27224
 28591
 24757
 28801
 26331
 18409
 16365
 29045
 24709
 28629
 24374
 30361
 26617
 24573
 29062
 28735
 20540
 20517
 24467
 24714
 30895
 30363
 24798
 26785
 24650
 30670
 22345
 27041
 29133
 33294
 20453
 24565
 28371
 24716
 22501
 27121
 25077
 20296
 18423
 20820
 22616
 28801
 24697
 26331
 28689
 24938
 29038
 24639
 28886
 22724
 24803
 28985
 26580
 26334
 26807
 18489
 24748
 22680
 20591
 22923
 26448
 24479
 20525
 20594
 30743
 24766
 24201
 24805
 28737
 24570
 24933
 22777
 24495
 24868
 24694
 22693
 20708
 26791
 30490
 25152
 26928
 26551
 20616
 24694
 24553
 26416
 22391
 26491
 29117
 18426
 22941
 29042
 28845
 27085
 30905
 26569
 28791
 24482
 26336
 30827
 24804
 20458
 20818
 26888
 29106
 24853
 31054
 28747
 24659
 20472
 28726
 22109
 28949
 30610
 31030
 24866
 26652
 22964
 28483
 22906
 30669
 29091
 26484
 30747
 20949
 22483
 26811
 29394
 18471
 31132
 28608
 22391
 31122
 22983
 20373
 24571
 27017
 24854
 30539
 20828
 26593
 22872
 18782
 28847
 26413
 24247
 26860
 18552
 26654
 28768
 30656
 30892
 24753
 26759
 20571
 26675
 26504
 26554
 24799
 26876
 16700
 24422
 20688
 22816
 16580
 24623
 20714
 24317
 28904
 20568
 30467
 24940
 29019
 26794
 26625
 28565
 30778
 24920
 26588
 24720
 22848
 28827
 24767
 28941
 20820
 30598
 31227
 26443
 20948
 23163
 28878
 20378
 20792
 26934
 22677
 20923
 24334
 24882
 22617
 22738
 28769
 28598
 30781
 28494
 24557
 22779
 26711
 24630
 22553
 24581
 26401
 26749
 24733
 22157
 22780
 18576
 30177
 26837
 30990
 22359
 20601
 26554
 26613
 30976
 27014
 30456
 22481
 28500
 28308
 29069
 24689
 22742
 26927
 26980
 26577
 26636
 20912
 24782
 26561
 24898
 24971
 22499
 26483
 22365
 26963
 31021
 27057
 28913
 22547
 26895
 32922
 33078
 24547
 26907
 24928
 18588
 26618
 18468
 22661
 22557
 26536
 24711
 26531
 22629
 26808
 24891
 28759
 24909
 22765
 26981
 24738
 24978
 24650
 26863
 31361
 30598
 20743
 26588
 26555
 21992
 31246
 24572
 24854
 28618
 26792
 26729
 24625
 31534
 28107
 22696
 22401
 30874
 20702
 18387
 26241
 28830
 26497
 26635
 24802
 28685
 22751
 24587
 24874
 24843
 28880
 22719
 28702
 31287
 23193
 24935
 25119
 22723
 22590
 32966
 22665
 22172
 30775
 24349
 29042
 24722
 26619
 24715
 28515
 24493
 24732
 24458
 30457
 24569
 24414
 17981
 29136
 30820
 29122
 26883
 26673
 22340
 29005
 22452
 30832
 26881
 26858
 26648
 28420
 26807
 26857
 24915
 30978
 30645
 28916
 29047
 22764
 24731
 24810
 28777
 28615
 28342
 28563
 28969
 29145
 27521
 22795
 26507
 29167
 28528
 26546
 18494
 24514
 14544
 18419
 23006
 30638
 27122
 27077
 26872
 30446
 28734
 26481
 24525
 29094
 26636
 26593
 24286
 20787
 26388
 20703
 20202
 25067
 24852
 26573
 22719
 24640
 24979
 22540
 26445
 30739
 24972
 26518
 30585
 24336
 30637
 22575
 30656
 24445
 28797
 29129
 32608
 28507
 26597
 22872
 26315
 30915
 20406
 22823
 26691
 28914
 28995
 28911
 32965
 26879
 29233
 30873
 22705
 18429
 22657
 22922
 26853
 27033
 25192
 26727
 28847
 30538
 26907
 24625
 24750
 22314
 24508
 24839
 26714
 27087
 26824
 29013
 25090
 28625
 30531
 20641
 24983
 25072
 32707
 30336
 26534
 24468
 24489
 24452
 24839
 24853
 28786
 26945
 24587
 22457
 26699
 28761
 28730
 26964
 26676
 26451
 27301
 31041
 24590
 24799
 31106
 26902
 27170
 26674
 24721
 22857
 16328
 25576
 28933
 29142
 28782
 26938
 20622
 24645
 26805
 26729
 24088
 31090
 22208
 23152
 24763
 26545
 22921
 24785
 26981
 24259
 26703
 26698
 26665
 28853
 28796
 20484
 22692
 24552
 26831
 26609
 22954
 26688
 31072
 24370
 28655
 26570
 24487
 26731
 30589
 22555
 26761
 20363
 30581
 26456
 20448
 30458
 23104
 27254
 26504
 24621
 24699
 28769
 27107
 22575
 24329
 24420
 27169
 24656
 20700
 26752
 28883
 25154
 24531
 28717
 26960
 24560
 24710
 26502
 24668
 20838
 29229
 22672
 26449
 27361
 22415
 30446
 24571
 24753
 24757
 27031
 24618
 27242
 22923
 27005
 24482
 22802
 26627
 25381
 25084
 20407
 32549
 22671
 26672
 29126
 24590
 26787
 28620
 26734
 32556
 29116
 20248
 24696
 28707
 26463
 22913
 24582
 24772
 22843
 20296
 26811
 28546
 22712
 26506
 26699
 26902
 22707
 26620
 32791
 22641
 26565
 24772
 28788
 16521
 31126
 22681
 32819
 18202
 24379
 28970
 22571
 30872
 24872
 26836
 26446
 30661
 26719
 24868
 22770
 22478
 28579
 26630
 26894
 24666
 27096
 26605
 22827
 22529
 30731
 26847
 22410
 16326
 30522
 30384
 28375
 24886
 24782
 26569
 26789
 30912
 31024
 28980
 24704
 22761
 25126
 22316
 24800
 28630
 28534
 16635
 28802
 24504
 20689
 27338
 18378
 18476
 25017
 27011
 22571
 28541
 26614
 26795
 18396
 22962
 28315
 24776
 24933
 27134
 26588
 29169
 22911
 26567
 25177
 24636
 22735
 24979
 26747
 26612
 24633
 26584
 18709
 31473
 26742
 31275
 28943
 25125
 26377
 26675
 20276
 24510
 31160
 24611
 24575
 22746
 29010
 31037
 20531
 16202
 26507
 16791
 26598
 31171
 24728
 24557
 26882
 26789
 27025
 30775
 22914
 26448
 26682
 24724
 26657
 24767
 30756
 22676
 28992
 28749
 18151
 32776
 24879
 20797
 22683
 24661
 16669
 30846
 18788
 26316
 26618
 23179
 26776
 26965
 26959
 25068
 24954
 26541
 22560
 20309
 29048
 31346
 26741
 22715
 27024
 33322
 26871
 22138
 16877
 24584
 30729
 22643
 30941
 26488
 28966
 22420
 31063
 26707
 28797
 24724
 26994
 30449
 28974
 24867
 28847
 26644
 25148
 27218
 24765
 22569
 24372
 27392
 28488
 24889
 31171
 22807
 22787
 31165
 29245
 28915
 28986
 26627
 31002
 26539
 30619
 26804
 26508
 24930
 24753
 22734
 28909
 22675
 26512
 22830
 20896
 26573
 28614
 28925
 29023
 28524
 18595
 24613
 24934
 26508
 22497
 26930
 22244
 22775
 26903
 28633
 28799
 24803
 29116
 29052
 24398
 28871
 27073
 26897
 28554
 32905
 24737
 26330
 30862
 28844
 26895
 26769
 30440
 28748
 20430
 22594
 22615
 24709
 20436
 28521
 30834
 31032
 24610
 28649
 24647
 27179
 20581
 28910
 26731
 28632
 28691
 22712
 22638
 28811
 25098
 24754
 26343
 31065
 22595
 22596
 24775
 32779
 26778
 18230
 22519
 30950
 22829
 24470
 25264
 31143
 26740
 30857
 18503
 22890
 26862
 28962
 24372
 20360
 18718
 26787
 28735
 28653
 31167
 29079
 28165
 26564
 24703
 25145
 22278
 18455
 26631
 22512
 23395
 26848
 30788
 28884
 30882
 20443
 26719
 26864
 22678
 28630
 28587
 26488
 24833
 27050
 26830
 26197
 22584
 22782
 28461
 26399
 26786
 24781
 20343
 30833
 25039
 24913
 28752
 24519
 24493
 16711
 22832
 29125
 28867
 22784
 24834
 24824
 24094
 28433
 26510
 26364
 29357
 20425
 28671
 24865
 24907
 24722
 22700
 24883
 26796
 26899
 29236
 20754
 24593
 24998
 33272
 27076
 31266
 20669
 27047
 20480
 22616
 26528
 26696
 18595
 24243
 29418
 26384
 24650
 26266
 20505
 26773
 26541
 26869
 18281
 26793
 22462
 24532
 26570
 31067
 25002
 24320
 22632
 28968
 24998
 22292
 26522
 26817
 18608
 24586
 24007
 29282
 26477
 26170
 22593
 28706
 26571
 20793
 22799
 26796
 24879
 28484
 24597
 28714
 28546
 24551
 24497
 24468
 24761
 20326
 26668
 26640
 22645
 24734
 20367
 20912
 29338
 20684
 28903
 22965
 26774
 22173
 22776
 28877
 26789
 26491
 20693
 22794
 20513
 24842
 26492
 22863
 22207
 24665
 29007
 26802
 24209
 32982
 24256
 22649
 30932
 24650
 26835
 22209
 26506
 31165
 29378
 24479
 25023
 22366
 22774
 24627
 26895
 26527
 28734
 28325
 22679
 22762
 28947
 16471
 22456
 22800
 22612
 27196
 24412
 18487
 26991
 30789
 24498
 26556
 31189
 26759
 24736
 28447
 26678
 26980
 24900
 26738
 20437
 26676
 30527
 18526
 24756
 26842
 24754
 22749
 32370
 20728
 24356
 30798
 18484
 24785
 22611
 20785
 33443
 20817
 24532
 25128
 24673
 26789
 22835
 14571
 22289
 24910
 28318
 18568
 26934
 22631
 22163
 25036
 32595
 28759
 20566
 26322
 25156
 20960
 30437
 20180
 25127
 28455
 26355
 24971
 32801
 24706
 22961
 22841
 24810
 20629
 22531
 26640
 28985
 26660
 30476
 26832
 24617
 28325
 26659
 29367
 27113
 18889
 24587
 24247
 28567
 24654
 22692
 24467
 24963
 24347
 24728
 26954
 18751
 20743
 28829
 26682
 26511
 22562
 26886
 26478
 28374
 16068
 28797
 22558
 24988
 27120
 32933
 26400
 31237
 28033
 26788
 30999
 22544
 24438
 22480
 24680
 18784
 33105
 26786
 26258
 24854
 30942
 24513
 29265
 28719
 24839
 24736
 22737
 22780
 28637
 20788
 28637
 32643
 26850
 18559
 28638
 20728
 25039
 26697
 24816
 24986
 28848
 24782
 18714
 28322
 26784
 30890
 24719
 24713
 23074
 29012
 22617
 26478
 26456
 26923
 26119
 26857
 27127
 24994
 30805
 26518
 28627
 24968
 22588
 26454
 28497
 24350
 30937
 20665
 26534
 26792
 22974
 28752
 24869
 30524
 22890
 20489
 22798
 26618
 20664
 31100
 30658
 20637
 22407
 30817
 29239
 30781
 30748
 26556
 22410
 26351
 26808
 24608
 26714
 22880
 22553
 24491
 22878
 22376
 22885
 26464
 22925
 24556
 26777
 22580
 30755
 30407
 28635
 24834
 28919
 24864
 26867
 28954
 31072
 22330
 20569
 28240
 24829
 18603
 30889
 14464
 30902
 26704
 26605
 28716
 28710
 16569
 24585
 24800
 30869
 26509
 16605
 20673
 20676
 28614
 26327
 22362
 26815
 27075
 29083
 18680
 22858
 30672
 24733
 30837
 25158
 22727
 22453
 28413
 26943
 29105
 20523
 26860
 26886
 22521
 29029
 20944
 24474
 18399
 30883
 22258
 30534
 23022
 22504
 25094
 20698
 24333
 26897
 24932
 28490
 28634
 20851
 24867
 22763
 31214
 24693
 30714
 22049
 24675
 26394
 30622
 24554
 22693
 26814
 24606
 30301
 30415
 28706
 26537
 27048
 22054
 28798
 26730
 26718
 30743
 30801
 26386
 24541
 30780
 27040
 24500
 24371
 30319
 26712
 26774
 20216
 22832
 20837
 28905
 20761
 26584
 22471
 24946
 28684
 26468
 24830
 18793
 28411
 26496
 30781
 27029
 28615
 22780
 26941
 24708
 24574
 22673
 26653
 30776
 26579
 22742
 14732
 29000
 24265
 26691
 24444
 25073
 18883
 24762
 29133
 22967
 23025
 26466
 20753
 24719
 31023
 28858
 26532
 28963
 24855
 26515
 26846
 30468
 22595
 31287
 14421
 28925
 31022
 22484
 26868
 24668
 26646
 22698
 26604
 29250
 24391
 24873
 26581
 26539
 26846
 18473
 22986
 22126
 30970
 21014
 28974
 24542
 26687
 25083
 32468
 30838
 22837
 28485
 22699
 20644
 24909
 24695
 24305
 24862
 24646
 26956
 24665
 27045
 28826
 18663
 28639
 31136
 24319
 28618
 24455
 22599
 20380
 28839
 24605
 30656
 31049
 26962
 22303
 20677
 18563
 22890
 24625
 26076
 28929
 28914
 22821
 31011
 24894
 22461
 22872
 20533
 31045
 22529
 24446
 22862
 22701
 27033
 18560
 18351
 26932
 18327
 26918
 26669
 24252
 28918
 26728
 20807
 24564
 24597
 27053
 26922
 26566
 27078
 30990
 24864
 18527
 24840
 26449
 22669
 22475
 20364
 20596
 22585
 24623
 30987
 20903
 30761
 24796
 24414
 22121
 31002
 24726
 20802
 28720
 29094
 26757
 24545
 22542
 28653
 22194
 30135
 24693
 24680
 29025
 28573
 26651
 20726
 20740
 30711
 20502
 24832
 26646
 28961
 27320
 29034
 26549
 27114
 24709
 26917
 29016
 30665
 28692
 26892
 24996
 22496
 24749
 27007
 22431
 18259
 24570
 20784
 22762
 26914
 30735
 31086
 26793
 22634
 18595
 26506
 26944
 22789
 18544
 25129
 20604
 26521
 28665
 22791
 29397
 26782
 22616
 22783
 26790
 24287
 24659
 22645
 26622
 26977
 18422
 16479
 26494
 28693
 22865
 26555
 24827
 26528
 26731
 26552
 26732
 18555
 31025
 26432
 24569
 28892
 24665
 22826
 24800
 20240
 22556
 25061
 26711
 22455
 20435
 24821
 24557
 30566
 24718
 24862
 24519
 28245
 24423
 20714
 24839
 28485
 20555
 22837
 28661
 25109
 24706
 24223
 28832
 18347
 24618
 22591
 26818
 30932
 20710
 26665
 20469
 20746
 14493
 30656
 28832
 25144
 29006
 27071
 20471
 24805
 24975
 26682
 26537
 24577
 30964
 24267
 29259
 20141
 24503
 30583
 24657
 28896
 24464
 28359
 24548
 26395
 26727
 26934
 24855
 24752
 20459
 30820
 24628
 24619
 22975
 26875
 27077
 22939
 24612
 26586
 22137
 24901
 25972
 24843
 28712
 26761
 31173
 24502
 29005
 29005
 30713
 28836
 28162
 25084
 26206
 30924
 23157
 24592
 28778
 22848
 20628
 32601
 26606
 24707
 29176
 24711
 27055
 26522
 26722
 22993
 29302
 28665
 24400
 24357
 31027
 20648
 30900
 28920
 22556
 28743
 20412
 18844
 24959
 24781
 22576
 24744
 28615
 26543
 28853
 22291
 22669
 30971
 28879
 27181
 24981
 26875
 24540
 26852
 24724
 30797
 30969
 22509
 24742
 24529
 26697
 22672
 24436
 28567
 24698
 29155
 24532
 32089
 24405
 16572
 20685
 22630
 30869
 27063
 22535
 26356
 24611
 20638
 18588
 20196
 26867
 26772
 24804
 26436
 30791
 30447
 14588
 26734
 28767
 22871
 26988
 20620
 20750
 20391
 28190
 24751
 24534
 22898
 28826
 28707
 20541
 32852
 22561
 30371
 28828
 26949
 18527
 18460
 31341
 26790
 22866
 22660
 29296
 24562
 24775
 20412
 22300
 20895
 28663
 26655
 26670
 26420
 26965
 33260
 32846
 18427
 24281
 26978
 24706
 26589
 29018
 22830
 24400
 24853
 25026
 28738
 16865
 24480
 26887
 33201
 28635
 26232
 26784
 26851
 28647
 28519
 29122
 26761
 30833
 26848
 25256
 28548
 24435
 29489
 28579
 31060
 28782
 28991
 22596
 28780
 24517
 22645
 24381
 26718
 22932
 33045
 26507
 31073
 28811
 29050
 28557
 16639
 28408
 26970
 24781
 25173
 28854
 22709
 24889
 26695
 20540
 26483
 28614
 30816
 31133
 20670
 24682
 24708
 28938
 24316
 16858
 26918
 24376
 26453
 24417
 27100
 24818
 18635
 26756
 27049
 24762
 31074
 22750
 20705
 22862
 20794
 28820
 20929
 28678
 20763
 22626
 20055
 26952
 28664
 18560
 22931
 32620
 32956
 24592
 24771
 26951
 26600
 28567
 26935
 24539
 26618
 26548
 30648
 20715
 28873
 26613
 22877
 24787
 20533
 27155
 30766
 28688
 26589
 24858
 27218
 22618
 22903
 26674
 22456
 22685
 26629
 26722
 18344
 16511
 31007
 22445
 26548
 26639
 24205
 25087
 24905
 26750
 24892
 22584
 20771
 26369
 26518
 24047
 28954
 28605
 24799
 22618
 24641
 22992
 28509
 30953
 24823
 22846
 26924
 26919
 29357
 26688
 22907
 28659
 26509
 27033
 33089
 31129
 26582
 24468
 29257
 26761
 26579
 20609
 28694
 24808
 30692
 26990
 20755
 22647
 24387
 24409
 26559
 29227
 22576
 26625
 24603
 22387
 22658
 28502
 18181
 33063
 26587
 24760
 29387
 26872
 26979
 22411
 22837
 28317
 19104
 18579
 20832
 24933
 24919
 24856
 20386
 22873
 24902
 24751
 26734
 26437
 22395
 28437
 30983
 20730
 22749
 28754
 24190
 28790
 25162
 29189
 24817
 16751
 24810
 22569
 24696
 26947
 16582
 22631
 28864
 26438
 24673
 22531
 24492
 24650
 26704
 20564
 22881
 26588
 24397
 24957
 27050
 24430
 24907
 22308
 28486
 22831
 26615
 31218
 20661
 24848
 24947
 22293
 22456
 28727
 24464
 26879
 18391
 26594
 22823
 24785
 31439
 26787
 24825
 23162
 22072
 28956
 28769
 28826
 26603
 24222
 26839
 26380
 23204
 26936
 24758
 26566
 24699
 22150
 22624
 20627
 28894
 28592
 22387
 24871
 22355
 26895
 28741
 26520
 24724
 26752
 26617
 22291
 24897
 22940
 26951
 24480
 24615
 26880
 28742
 28895
 22275
 18558
 24746
 24696
 30684
 22577
 25169
 26710
 27934
 28887
 21055
 24425
 29123
 18430
 24478
 24703
 20346
 22319
 20412
 24559
 26588
 30603
 24094
 24854
 28575
 26397
 28641
 26658
 28714
 22370
 26501
 28859
 30715
 24820
 27271
 28573
 20506
 26859
 26344
 20585
 24904
 20757
 24909
 23103
 26610
 24951
 31039
 30607
 24757
 26920
 25112
 28795
 24560
 29043
 22516
 20494
 26559
 24424
 26983
 32893
 25131
 26811
 25054
 30920
 28962
 26521
 28624
 28858
 28660
 26490
 20758
 29028
 26422
 24873
 28840
 30267
 28758
 24689
 22747
 16363
 30747
 28792
 28864
 26835
 24723
 26557
 22321
 30942
 28880
 30649
 24758
 22503
 24790
 18943
 24475
 24961
 32796
 22716
 28604
 27104
 22647
 26332
 31320
 28906
 28960
 24958
 26706
 31278
 20555
 26823
 22422
 24570
 28741
 26821
 26770
 28798
 22650
 24523
 26604
 31043
 22762
 26955
 24706
 26746
 24272
 32997
 24241
 14606
 18240
 27230
 26307
 28768
 27125
 22514
 26637
 28643
 24167
 22844
 28436
 26465
 24519
 24491
 26586
 26461
 28807
 28991
 26641
 24981
 26755
 26644
 24929
 24469
 28921
 27181
 28785
 24627
 30930
 24822
 26430
 24614
 18853
 24434
 26642
 24507
 30723
 28358
 29050
 22717
 26514
 26715
 24432
 24675
 28597
 31068
 22675
 24906
 27067
 28690
 33050
 28498
 27083
 28697
 24793
 22416
 22708
 26838
 22594
 26665
 18365
 28887
 28820
 24921
 32677
 24739
 26891
 20742
 24534
 20665
 22544
 30622
 26381
 24764
 20706
 26508
 27001
 28682
 24441
 27057
 18683
 27191
 22750
 27073
 24592
 26843
 28521
 22198
 28590
 28796
 20708
 24339
 28880
 28605
 26534
 28450
 31014
 28779
 22613
 26799
 26757
 28684
 30876
 26963
 28430
 29031
 24576
 28664
 26591
 20603
 22566
 20642
 28804
 26473
 26785
 24703
 20351
 29065
 22885
 24574
 26965
 24527
 20683
 26456
 24569
 28911
 26959
 24890
 24638
 16581
 22905
 20940
 26731
 26238
 24737
 26778
 25043
 26919
 24718
 29119
 24892
 20545
 31409
 31054
 24737
 28766
 26416
 28855
 28759
 26688
 28681
 30810
 33115
 29082
 26694
 30473
 24519
 20579
 24826
 25269
 29090
 25007
 23197
 26968
 20600
 20376
 26824
 22956
 22699
 24729
 30786
 31100
 24802
 26748
 24596
 18662
 22562
 28730
 24453
 22616
 20255
 27286
 26583
 22905
 20582
 22711
 24520
 28734
 24982
 26842
 26561
 18706
 24931
 22894
 18451
 16746
 29061
 26715
 30866
 24760
 20590
 26768
 18555
 24775
 26452
 22919
 18805
 18449
 24664
 22618
 26248
 29170
 25080
 28216
 27041
 27132
 30849
 27102
 24877
 24914
 26328
 20393
 26977
 30654
 29078
 24349
 28745
 31282
 24976
 22808
 20383
 24595
 30927
 26723
 28444
 24369
 22902
 20580
 29502
 18343
 22889
 24873
 26964
 20120
 28866
 22727
 28387
 16530
 28668
 28763
 24648
 28661
 22432
 24384
 22697
 21122
 24172
 24539
 26947
 27092
 26881
 22554
 22826
 20582
 26724
 24881
 22435
 22814
 24174
 28325
 25222
 27126
 28829
 26860
 26939
 22770
 24869
 31406
 26331
 22423
 22424
 22056
 22253
 28868
 26775
 22512
 22536
 26240
 18884
 26892
 20698
 29037
 26936
 30889
 23033
 25135
 26678
 22945
 28725
 29081
 28757
 18559
 24568
 20474
 24963
 28949
 27045
 18644
 26364
 22405
 24497
 23010
 28800
 26716
 22560
 24865
 24855
 28622
 20593
 32637
 24814
 27185
 20288
 28973
 20890
 22862
 24786
 26747
 25305
 26469
 20946
 20638
 20654
 24549
 31099
 24524
 28451
 33038
 30912
 29093
 32773
 26784
 28663
 28709
 18477
 28460
 23119
 27192
 22732
 22607
 24557
 18503
 24388
 28838
 24935
 20830
 24801
 26541
 16821
 22574
 26857
 21044
 24711
 28875
 22659
 24755
 24846
 26794
 26911
 28886
 22400
 18592
 20661
 24513
 14599
 26404
 26750
 24733
 26810
 32669
 24479
 22698
 28591
 29008
 28865
 22479
 22565
 24033
 28650
 26745
 26660
 20555
 28991
 18646
 20634
 24718
 22756
 30397
 26704
 30942
 25006
 33032
 32541
 20468
 24890
 22691
 24707
 20553
 22393
 27036
 20510
 20712
 31064
 22935
 26634
 26959
 26984
 27063
 26347
 22581
 22718
 18825
 28575
 25123
 22963
 24697
 28600
 24722
 27173
 32519
 26463
 20603
 30596
 18410
 22566
 26307
 26697
 22751
 29137
 26644
 29307
 30489
 18727
 22830
 24728
 22926
 24794
 22824
 28779
 25102
 24430
 24857
 30380
 20645
 28636
 18438
 26664
 28709
 26267
 22701
 26741
 22607
 22478
 20478
 27036
 16843
 20191
 26573
 24823
 28519
 24882
 30465
 26852
 28445
 28640
 28798
 22576
 30964
 22639
 22788
 22663
 32988
 25043
 24523
 30690
 20817
 24419
 26659
 24651
 24667
 26969
 22979
 25015
 28903
 29135
 18744
 26732
 25073
 30374
 22876
 26600
 25114
 24422
 22570
 29050
 26965
 26155
 22720
 30958
 26900
 22532
 26943
 28714
 20646
 20653
 24547
 24873
 24229
 26734
 18897
 26514
 22873
 32967
 26782
 24398
 22379
 29325
 24706
 26302
 22710
 30911
 16577
 26761
 24798
 24787
 22578
 22619
 25029
 28682
 24611
 26844
 22498
 20502
 26707
 32600
 24901
 23047
 22435
 26505
 28566
 26528
 28856
 18363
 31360
 24660
 24809
 24495
 30571
 31281
 24716
 28785
 26736
 27086
 24800
 24773
 23113
 24528
 32441
 24698
 26906
 30637
 31119
 22554
 29308
 26605
 30447
 31142
 26884
 28874
 33043
 24733
 22731
 20451
 24476
 22479
 14374
 24935
 22642
 24570
 24380
 26475
 24606
 22855
 30239
 27124
 28527
 18733
 22495
 24647
 24664
 30695
 22359
 26525
 20700
 24185
 24593
 24771
 27378
 31155
 24969
 24771
 31154
 24821
 26816
 29033
 28462
 24951
 25101
 18484
 20687
 23003
 24691
 24475
 30935
 26785
 26873
 16631
 22402
 26818
 26282
 26509
 20815
 22824
 22844
 26829
 22142
 22766
 24941
 18482
 20955
 26854
 30543
 26797
 24550
 18206
 24778
 28919
 30776
 22564
 20415
 30318
 26595
 29086
 31010
 26717
 28666
 28942
 26763
 24506
 24559
 24959
 24512
 26748
 27201
 24700
 26578
 22968
 26607
 28636
 20314
 26996
 26748
 20616
 20793
 22599
 24952
 31137
 28926
 26473
 22953
 24942
 22624
 30612
 30777
 26404
 28738
 24897
 22615
 24964
 22487
 29156
 24395
 28605
 31037
 24764
 30638
 28927
 26759
 26866
 28744
 26662
 26675
 22461
 28484
 24456
 29057
 22650
 28762
 26636
 26413
 20802
 25037
 24783
 24399
 28882
 18690
 26774
 20311
 24394
 26793
 22415
 23008
 29083
 28901
 28787
 24758
 22544
 22562
 24873
 29006
 27183
 20130
 30860
 24392
 28395
 24360
 24528
 25108
 26944
 28549
 27142
 30584
 28787
 20894
 29120
 20999
 26651
 31216
 24655
 26542
 24774
 30709
 14531
 18547
 26612
 32778
 26508
 16839
 27011
 26417
 28437
 26766
 29082
 26350
 24254
 22550
 24525
 28802
 24423
 29037
 24769
 26486
 18631
 30947
 25214
 24385
 30978
 24618
 24830
 28670
 24511
 26352
 20761
 24693
 22889
 22480
 30724
 29115
 30968
 30634
 28941
 22938
 24582
 20241
 22954
 22488
 22400
 26714
 24836
 28417
 23036
 28716
 23083
 20979
 20689
 24654
 28865
 24532
 30924
 26739
 24817
 25030
 24989
 26745
 26058
 24778
 26756
 30642
 20562
 28851
 22342
 28883
 25021
 26679
 24809
 24965
 28515
 27462
 26882
 22561
 28814
 25064
 32585
 23903
 19970
 23210
 24986
 20616
 25019
 26764
 22446
 26877
 24053
 20680
 26626
 26723
 24484
 20381
 29314
 24759
 28586
 26821
 20487
 30624
 24285
 26393
 30967
 24490
 26848
 30747
 20638
 20560
 26827
 22447
 27078
 24589
 24536
 30990
 20605
 26641
 26700
 24529
 22446
 26939
 20487
 28324
 20746
 22312
 31015
 22842
 26849
 30617
 18452
 28885
 28731
 26645
 26882
 24612
 30598
 26910
 28652
 24632
 24981
 20648
 22350
 30971
 24597
 18393
 24621
 25015
 30605
 22773
 22525
 26629
 26564
 24745
 18566
 12507
 25355
 24856
 28918
 22525
 28868
 28451
 24471
 24976
 26950
 28816
 29607
 20650
 24353
 22671
 26559
 27065
 26504
 28816
 18867
 27262
 22443
 24638
 24802
 28814
 24969
 26807
 30728
 26615
 26991
 22820
 24510
 22561
 24639
 24739
 20977
 24648
 22458
 22147
 28933
 29280
 26842
 30320
 26642
 25056
 27068
 20771
 18891
 26652
 28544
 26802
 20867
 24717
 28625
 30908
 30922
 25176
 24661
 28857
 29002
 32735
 22648
 28789
 28400
 30714
 24687
 27002
 28808
 28548
 29077
 28777
 26541
 25125
 31070
 20470
 26999
 24845
 20581
 24810
 24824
 28583
 26605
 27109
 28117
 16564
 26753
 24658
 22391
 31039
 24732
 24990
 26644
 30418
 26661
 26878
 26288
 29083
 31370
 29122
 26898
 26994
 26471
 24730
 26781
 24764
 20579
 26893
 30805
 26578
 28485
 24682
 29146
 24444
 24786
 26831
 31402
 27249
 26633
 30838
 28503
 22767
 26912
 22748
 26506
 26958
 22768
 29084
 24387
 20738
 24830
 22521
 26839
 22472
 24208
 22583
 16480
 20477
 24476
 26690
 22754
 24972
 22799
 24815
 26757
 28554
 26795
 18395
 28905
 16659
 24710
 27287
 27237
 20524
 32894
 24736
 20321
 26628
 20721
 22665
 22575
 26706
 30913
 29204
 26974
 24687
 27030
 24716
 28994
 24700
 26705
 22438
 25016
 24674
 26784
 28607
 18550
 24781
 26836
 26832
 24693
 26865
 32721
 28904
 31230
 26721
 26670
 28909
 30905
 22558
 20427
 22495
 28899
 24911
 24699
 24644
 22756
 24203
 25065
 18367
 24502
 24567
 28771
 24479
 33002
 22037
 26404
 14593
 24640
 22988
 24691
 22317
 29022
 20856
 18692
 16631
 28834
 26557
 28639
 20322
 26612
 26716
 22833
 26655
 26446
 24650
 24090
 26958
 22540
 26798
 24890
 18406
 20551
 30175
 26886
 24720
 30913
 22662
 24980
 26674
 24850
 22745
 26981
 30772
 22456
 27031
 27114
 27080
 24501
 29079
 20494
 22644
 28616
 26837
 26864
 26379
 24281
 22856
 24776
 22759
 24652
 27059
 26664
 22459
 29036
 22642
 28855
 28861
 24729
 24554
 26455
 23009
 28856
 22729
 24489
 31121
 22663
 20878
 22345
 26484
 24956
 20457
 28627
 26924
 20535
 22919
 22204
 25146
 22316
 27273
 30564
 31471
 24460
 26764
 20641
 26489
 24943
 18083
 29015
 22052
 24771
 26866
 24904
 30230
 24621
 22654
 33027
 26464
 26381
 26512
 26821
 22750
 18389
 22527
 26844
 24527
 32357
 26776
 22468
 18847
 26875
 29327
 28733
 28548
 22318
 25037
 26692
 32773
 29097
 29007
 24994
 24764
 26540
 24734
 25008
 24485
 22271
 24698
 28828
 22667
 24657
 30965
 22739
 24631
 24413
 24728
 24661
 26740
 28723
 29298
 26423
 25070
 26365
 24422
 22309
 22917
 26684
 28949
 26546
 26720
 22626
 28460
 26888
 30820
 22874
 28770
 27003
 31304
 20741
 24465
 22121
 22857
 22605
 26360
 22394
 22449
 26628
 28322
 24700
 22639
 29100
 26330
 24583
 18733
 24611
 28352
 22262
 31013
 18703
 28937
 20711
 24428
 24572
 22495
 26616
 24378
 26123
 26751
 26713
 24873
 26347
 24447
 24752
 24834
 24695
 28811
 24725
 24451
 26651
 23034
 26703
 26620
 20730
 27061
 26942
 26623
 26572
 26603
 30166
 26670
 26742
 20748
 26851
 30379
 26544
 24647
 31052
 24338
 26476
 26684
 22546
 24497
 22626
 30856
 26600
 26870
 18470
 20657
 24769
 28815
 24663
 24715
 26848
 28757
 30818
 22237
 31118
 18304
 24815
 31013
 20775
 26782
 26981
 29161
 27121
 28294
 26802
 24810
 22352
 24627
 23121
 26708
 26663
 31041
 30754
 26698
 16608
 29048
 26878
 24744
 18102
 20363
 20259
 28967
 22756
 24573
 26992
 28950
 22580
 28815
 18144
 22511
 26550
 22564
 28601
 31181
 24669
 20392
 24855
 28986
 26537
 24537
 30690
 26132
 28427
 32634
 20860
 28814
 26543
 29106
 22666
 26832
 24629
 25037
 27086
 14715
 30839
 20338
 24604
 26880
 28599
 28835
 22492
 29022
 27269
 24925
 24709
 25029
 26601
 28390
 22017
 28720
 28895
 26910
 22835
 28294
 24760
 32885
 26842
 26580
 22397
 24883
 24375
 28758
 26982
 20437
 26736
 24760
 29189
 30728
 28840
 20700
 26767
 24834
 24552
 26682
 29218
 24971
 24412
 30679
 32656
 33116
 26730
 28622
 30890
 26608
 20541
 24344
 18253
 22362
 26706
 26499
 30722
 20682
 26976
 28413
 28702
 18929
 26885
 29151
 24804
 22485
 24672
 26709
 22774
 27130
 16297
 22554
 24107
 22516
 26811
 24805
 28814
 24701
 22614
 28600
 28859
 22910
 16387
 26773
 18611
 28862
 28466
 28639
 24542
 26885
 28744
 28589
 26755
 26577
 24910
 24720
 18560
 28637
 26190
 30429
 33272
 22718
 24696
 19024
 28531
 26492
 26386
 24549
 18903
 20495
 25021
 22482
 26706
 23069
 26693
 26811
 20155
 28802
 24812
 25320
 26952
 26568
 27019
 25055
 22635
 28175
 26491
 22868
 26479
 26848
 26731
 22960
 26755
 25014
 26839
 22634
 26755
 20704
 26612
 25234
 26589
 30629
 28934
 20375
 24459
 22715
 26855
 26520
 22510
 22692
 28508
 28985
 29148
 26384
 22582
 22583
 24713
 24617
 26323
 26526
 23062
 20591
 22510
 20403
 22895
 26907
 30721
 26906
 26496
 24702
 24748
 20721
 28396
 20340
 18692
 28761
 26575
 24691
 24512
 30754
 24692
 20430
 32788
 24233
 20683
 22537
 30767
 28865
 24933
 32559
 26387
 24576
 28728
 30977
 32821
 26693
 26688
 24769
 25099
 22668
 22552
 22729
 24818
 28612
 22272
 28654
 24630
 28570
 28988
 30842
 26550
 24812
 31014
 27147
 24846
 28406
 26492
 24810
 28642
 27207
 26163
 22479
 28895
 26774
 28819
 24986
 20687
 26354
 28540
 28771
 26665
 28783
 26826
 24499
 24837
 20695
 32415
 24290
 26954
 24716
 20818
 26541
 23214
 28658
 18716
 26697
 28642
 26454
 26759
 29001
 28627
 28674
 27087
 20518
 24586
 26655
 19941
 28665
 29105
 24611
 16949
 26668
 24606
 22581
 26854
 22614
 24276
 28547
 24963
 16434
 30935
 22425
 28696
 18584
 26782
 26409
 24699
 29306
 25277
 24526
 26998
 18803
 22461
 24883
 26797
 26837
 26761
 26593
 28800
 16407
 26510
 24522
 29104
 24826
 26490
 27491
 24507
 24444
 26584
 28849
 26941
 30883
 28788
 26928
 30808
 29063
 28894
 24913
 31283
 27133
 30835
 24644
 24824
 30667
 26214
 24597
 26640
 26823
 26790
 27176
 28871
 30809
 26712
 22767
 25034
 28590
 20497
 20467
 24632
 20287
 32776
 28798
 18221
 28919
 28558
 20851
 24289
 28726
 29258
 24446
 28517
 20854
 24960
 22412
 30948
 26791
 18727
 26566
 24681
 28766
 22613
 22803
 25074
 28967
 18636
 28630
 30865
 29136
 20569
 28654
 30805
 29645
 25135
 28978
 20486
 26819
 22773
 26551
 29030
 22707
 26689
 22714
 26756
 28917
 22695
 33566
 23122
 26892
 30625
 22450
 28774
 24435
 22395
 28422
 24644
 24907
 26615
 18599
 26708
 24642
 27197
 24824
 26556
 26722
 26865
 22831
 26489
 32598
 31273
 28938
 25022
 27058
 26871
 30420
 18649
 28445
 22874
 26940
 31208
 22827
 22208
 14216
 16303
 26772
 29039
 28764
 22561
 24472
 28498
 26510
 22960
 28901
 22818
 24817
 26549
 26792
 22394
 24686
 26251
 24839
 28893
 26487
 18668
 26978
 22640
 30765
 26720
 28804
 28905
 26680
 26951
 28649
 26846
 24410
 22907
 22820
 27044
 26635
 20143
 26505
 20550
 24646
 26732
 30230
 22674
 20583
 27119
 28453
 20630
 30962
 26556
 26458
 26841
 31416
 31134
 24531
 20328
 20603
 24972
 28907
 22999
 22802
 28690
 24164
 26876
 31353
 26610
 28657
 24747
 32729
 24772
 24997
 30986
 30548
 22680
 24959
 26800
 22330
 27515
 22765
 28896
 28653
 26522
 30850
 24713
 20369
 28903
 28957
 30807
 22404
 31043
 22573
 24863
 22312
 28275
 22249
 28620
 18260
 30971
 25068
 24801
 28999
 26615
 26754
 26468
 27126
 29296
 28841
 24696
 28964
 21052
 24495
 24738
 26864
 24510
 20526
 20899
 24302
 22664
 29350
 24507
 28715
 22628
 24948
 26741
 24423
 28924
 28803
 22746
 26782
 28803
 22748
 24637
 26348
 26168
 21071
 20866
 22576
 28847
 26866
 26742
 20428
 31025
 22583
 26622
 28828
 33244
 22323
 24771
 28910
 27488
 22538
 26685
 28478
 22529
 28462
 26538
 24984
 30983
 24772
 22605
 28720
 24814
 22409
 24806
 25210
 24554
 22937
 24915
 24575
 27006
 24568
 26989
 18800
 26414
 29100
 20469
 26684
 26471
 20281
 31167
 26911
 22612
 28833
 22847
 24854
 26780
 22662
 22527
 27143
 22743
 26537
 18602
 26616
 20344
 22671
 26984
 26852
 26548
 26113
 28306
 26524
 18614
 33245
 30825
 24989
 26997
 20783
 22177
 18539
 24691
 20866
 24685
 33289
 20956
 24816
 20476
 18466
 26503
 22640
 24607
 28507
 31144
 24859
 26984
 24669
 26228
 24705
 26532
 24325
 22506
 24658
 24843
 22714
 24925
 20619
 24838
 29035
 25264
 16729
 20765
 22658
 20480
 30972
 26824
 22334
 22867
 33216
 27138
 28959
 25050
 26654
 23078
 20996
 26655
 20441
 18680
 32428
 20711
 22452
 30987
 22533
 24644
 24838
 26648
 28811
 20279
 22677
 29079
 28624
 22746
 30617
 22649
 20498
 30952
 27036
 22674
 24233
 22735
 26010
 28516
 26742
 31004
 28448
 26608
 20996
 24814
 26785
 30854
 20087
 25006
 22610
 26584
 26777
 24836
 30925
 28762
 26494
 31112
 22561
 26599
 22393
 28648
 24298
 24823
 24801
 33486
 24871
 29291
 24770
 26447
 26203
 26771
 24735
 26744
 24901
 18703
 22781
 28856
 20507
 28902
 26939
 20690
 31599
 28402
 29215
 20536
 22102
 20572
 29028
 30707
 28915
 26588
 30641
 22704
 22584
 18521
 26954
 26970
 22390
 25183
 26695
 28208
 26765
 30781
 30732
 24776
 24612
 26358
 22614
 22929
 24693
 24969
 24546
 26659
 26560
 28896
 24230
 28736
 28557
 30924
 29078
 24532
 28596
 28459
 28313
 22820
 24688
 24459
 26930
 20615
 22906
 24315
 22874
 32426
 28492
 24301
 30669
 20620
 20603
 33109
 25055
 22684
 30418
 31118
 28390
 22919
 24951
 28717
 28849
 26822
 15746
 28603
 22710
 26658
 22439
 26779
 14145
 22425
 28740
 26730
 25146
 29076
 28340
 24647
 22527
 28735
 26847
 30656
 28892
 24439
 22209
 24731
 26739
 24986
 25091
 24449
 26766
 25052
 29274
 25257
 29281
 26737
 24835
 22795
 20844
 24450
 24830
 23101
 26162
 28812
 24656
 24252
 26898
 18532
 26731
 24549
 22603
 28510
 26547
 26764
 22612
 24281
 24680
 22498
 26895
 29006
 32557
 24766
 26377
 20830
 30891
 28552
 28283
 26757
 22938
 22890
 26858
 22632
 28690
 32988
 27057
 22558
 24399
 22713
 22737
 24654
 26906
 16687
 27071
 28885
 22649
 26532
 22914
 14301
 24846
 20678
 26633
 20248
 28938
 27302
 20589
 27086
 24528
 28024
 20301
 29016
 26869
 24405
 26737
 22773
 26046
 28991
 26888
 25094
 18685
 27235
 30585
 26853
 27249
 22671
 26423
 26918
 24097
 28777
 24402
 28426
 22440
 18553
 22310
 28999
 24779
 20383
 24559
 29150
 33348
 26726
 32634
 31058
 22448
 29384
 24764
 25104
 24745
 26709
 18759
 24095
 26754
 24782
 31232
 30345
 30685
 22625
 22851
 22149
 22462
 18770
 28891
 22411
 22485
 20565
 24680
 24710
 22892
 30792
 24234
 29112
 20328
 28955
 22910
 26747
 30325
 24852
 23005
 30585
 24920
 28984
 28611
 19040
 24880
 30498
 27213
 24876
 24843
 24665
 26959
 26580
 26376
 26739
 24669
 20388
 28875
 25113
 22680
 28988
 26999
 28871
 24752
 28796
 24645
 29210
 20179
 28855
 20586
 28978
 18615
 26769
 16971
 26939
 26863
 22745
 26752
 24892
 26151
 28867
 26586
 30704
 28991
 18600
 18131
 14670
 26911
 20395
 20721
 27171
 20492
 26992
 22960
 27027
 28350
 27110
 21040
 26612
 22416
 24532
 20722
 30784
 30848
 24734
 20831
 26959
 20342
 26743
 24920
 22629
 28685
 20403
 24960
 26270
 24401
 24329
 22424
 26706
 24703
 28405
 25060
 31108
 22788
 25121
 27378
 26857
 26565
 26519
 24274
 20425
 26815
 18636
 26933
 24827
 20583
 27135
 28884
 29149
 27198
 28362
 16528
 28651
 16217
 20663
 22577
 26737
 22591
 30421
 26742
 28672
 32465
 26489
 22688
 27100
 24764
 28794
 26902
 20906
 29061
 24753
 28602
 26680
 27105
 24713
 26173
 27265
 22503
 22281
 20574
 30954
 26431
 26732
 28904
 26931
 30866
 22676
 28731
 24054
 24873
 22403
 22898
 20683
 26911
 22798
 29155
 26857
 27099
 20564
 29263
 27038
 27055
 16551
 28967
 20534
 24243
 24705
 24609
 22772
 26556
 31132
 29117
 26382
 26603
 18572
 28363
 26829
 28956
 28892
 26507
 20724
 26326
 24859
 30921
 27128
 27088
 22806
 22374
 30994
 22299
 26679
 20130
 24384
 24399
 26903
 26592
 29155
 26515
 22980
 24920
 24527
 27214
 26429
 30847
 30977
 28946
 26478
 27293
 27506
 25045
 26788
 26477
 26264
 26372
 24505
 22647
 28650
 18542
 20005
 26598
 25056
 28882
 24635
 22419
 23033
 32606
 28343
 20921
 24830
 30820
 26858
 26992
 28722
 26599
 26465
 24452
 20749
 20516
 25043
 30606
 24588
 24449
 30883
 24839
 29265
 24897
 20685
 26345
 28985
 28463
 26321
 20245
 30793
 20519
 26421
 22423
 24209
 24457
 28460
 29233
 20511
 28944
 22639
 18439
 24670
 26899
 28888
 20678
 22382
 24647
 24381
 20726
 24930
 24783
 26812
 24493
 29222
 31141
 29063
 22296
 22697
 25032
 26991
 26772
 25985
 24936
 24515
 28774
 30706
 24404
 26716
 27250
 30913
 30654
 26544
 24621
 21122
 31141
 29019
 24650
 29035
 26896
 28854
 22596
 22475
 30862
 24167
 22822
 28968
 22520
 28943
 28952
 32384
 24819
 26701
 28766
 24649
 22478
 31338
 22739
 22452
 24680
 22931
 18486
 24704
 26799
 26419
 24539
 24847
 20760
 22756
 22355
 26167
 27112
 25094
 18465
 28661
 26486
 26578
 27198
 33361
 20707
 27002
 28962
 22547
 33428
 26714
 24616
 24813
 26574
 26815
 22450
 27051
 22923
 23045
 22907
 24632
 26678
 28734
 22463
 20370
 22820
 22586
 22813
 31095
 24404
 28827
 24691
 28664
 20214
 31236
 26647
 27035
 24403
 22776
 26382
 28735
 24740
 28463
 18923
 29332
 20545
 16763
 22840
 30810
 28748
 26590
 20769
 24988
 26621
 18671
 18575
 31108
 30854
 25135
 26660
 30759
 28829
 20755
 26835
 30891
 33336
 30849
 24804
 20854
 20694
 26708
 20499
 23035
 24522
 29065
 26800
 29049
 30918
 22827
 24567
 22513
 26953
 26779
 22635
 27104
 26670
 24572
 24741
 26995
 28410
 24916
 28388
 26266
 24555
 24689
 22351
 24970
 25063
 28973
 22265
 22715
 24645
 24927
 26793
 24596
 24911
 27083
 24106
 24336
 22614
 22821
 26361
 29233
 30957
 22578
 30762
 18632
 30799
 16699
 24797
 26932
 26977
 27047
 31113
 28977
 28589
 29131
 29342
 26887
 29006
 24894
 28577
 24472
 20544
 24560
 24702
 24680
 22472
 23209
 14839
 24727
 29022
 24709
 28722
 24899
 26661
 26810
 26638
 28655
 20495
 22823
 22337
 26739
 24596
 22905
 28728
 28500
 26915
 31173
 26809
 22749
 24586
 22903
 24961
 22677
 32335
 20610
 26706
 33418
 26799
 18549
 28885
 26950
 27081
 24656
 25034
 22634
 27045
 26425
 28625
 18891
 22350
 26615
 26741
 28804
 24433
 24498
 28871
 30842
 28672
 22487
 22686
 26903
 24816
 20738
 24757
 28385
 22507
 26228
 22499
 22565
 24846
 27407
 28941
 24511
 30974
 22930
 20380
 29077
 28739
 26761
 30733
 27124
 22341
 22533
 22873
 29119
 24905
 26467
 30589
 22644
 24979
 26654
 26735
 26632
 28977
 24715
 24416
 24583
 24588
 22901
 28613
 18453
 25905
 20867
 30813
 27168
 18516
 28946
 33082
 22822
 31312
 26373
 20711
 24545
 24890
 18540
 22435
 27192
 32638
 22934
 26672
 26998
 30891
 28902
 28363
 20371
 24960
 27046
 26652
 24972
 28439
 27172
 20391
 24465
 31112
 28573
 30941
 30652
 26876
 26466
 28896
 28304
 26583
 28774
 28707
 26393
 26125
 25025
 28975
 20593
 24428
 24939
 30560
 31186
 24625
 26734
 32421
 29215
 22767
 27140
 26596
 30881
 31034
 20662
 24538
 29002
 20890
 28718
 28432
 22512
 18356
 29010
 26694
 30739
 18523
 28759
 24660
 28975
 26313
 25175
 20944
 22575
 22900
 20223
 26912
 28590
 24828
 29297
 20392
 24650
 31022
 28976
 29117
 22589
 19068
 22520
 26945
 22464
 24381
 26692
 24699
 24997
 22533
 26404
 28916
 22740
 30740
 22672
 22403
 24921
 24901
 20504
 26843
 26656
 26434
 20380
 26450
 30162
 20759
 24846
 26416
 24688
 28840
 26962
 26870
 28552
 22764
 24653
 24377
 28389
 29125
 30386
 26347
 28560
 26630
 22910
 28846
 20790
 24768
 26851
 20606
 26811
 29042
 28497
 14569
 26715
 26561
 24924
 27080


