# Created by Octave 3.8.2, Fri Feb 17 16:31:28 2017 MSK <root@raidix12>
# name: y
# type: uint32 matrix
# ndims: 2
 1 6400
 32924
 32846
 32768
 32502
 32764
 32896
 32926
 33028
 32476
 32724
 32624
 33090
 32830
 33012
 32932
 32902
 33032
 32968
 33146
 32942
 32964
 33004
 32584
 32674
 32636
 33228
 33158
 32392
 32862
 32416
 33310
 32370
 33038
 33044
 33140
 33182
 32818
 33208
 32580
 32556
 32798
 32808
 32670
 32440
 32954
 32790
 32878
 33166
 32822
 33002
 32870
 33222
 32990
 32738
 32784
 32930
 32986
 33028
 32512
 33104
 32778
 32924
 33438
 32576
 32260
 32720
 32960
 33192
 32808
 32642
 32834
 33194
 32818
 33096
 33104
 32510
 33264
 32882
 33038
 33014
 32900
 33062
 32972
 32794
 32644
 32878
 33008
 33152
 32840
 32914
 33000
 32664
 32740
 32740
 32416
 32948
 32604
 32884
 32868
 32950
 32728
 32736
 33180
 33110
 33354
 33082
 32866
 33074
 33244
 32708
 32640
 32706
 33390
 33000
 32460
 32964
 32930
 33064
 33072
 32504
 33208
 32494
 32808
 32624
 32612
 32662
 32830
 32800
 33030
 32992
 32890
 33168
 32706
 32922
 33036
 33052
 33058
 32928
 32716
 32946
 32774
 32768
 32718
 33094
 32726
 32576
 32670
 32616
 32598
 32682
 32944
 32556
 33254
 32872
 33046
 32676
 32922
 33106
 32916
 32936
 33062
 33006
 32860
 32774
 32952
 32628
 32936
 32924
 32772
 33118
 32704
 32614
 33148
 32590
 33014
 33312
 33402
 32896
 33638
 32886
 32796
 33002
 33352
 32958
 32616
 32966
 33212
 32642
 32552
 32914
 33084
 32938
 33000
 33000
 33434
 32956
 33116
 32710
 33120
 33118
 33632
 33056
 32642
 33306
 32772
 33048
 33062
 32830
 32858
 33492
 32776
 32902
 33104
 33160
 33146
 32908
 33024
 33242
 33132
 33124
 33252
 32468
 32986
 32936
 32666
 33008
 32916
 32542
 32870
 33104
 33266
 32944
 32514
 32740
 33220
 33146
 32550
 33290
 33280
 32816
 33056
 33328
 32676
 32716
 32690
 32826
 33132
 33230
 33138
 32982
 33172
 33302
 33136
 32790
 33104
 32954
 32960
 32832
 33068
 32698
 33074
 32728
 33258
 32878
 32760
 33126
 32642
 32950
 32518
 32964
 32760
 32986
 32928
 32790
 32876
 32984
 32928
 32608
 32658
 33140
 32964
 32492
 33008
 32612
 33146
 32672
 33082
 32990
 33096
 33198
 32982
 33196
 33080
 32780
 33068
 32368
 32882
 33120
 32782
 32642
 33052
 32574
 32748
 32842
 32256
 32842
 32330
 33244
 33028
 32998
 33214
 33038
 32756
 32830
 32896
 32844
 32546
 32786
 33202
 32988
 33046
 32934
 32828
 32886
 32766
 32846
 32576
 32626
 32768
 32740
 33204
 32784
 32890
 32688
 32692
 33150
 32788
 32760
 33092
 32806
 32364
 33086
 33046
 32730
 32704
 32480
 32354
 32948
 32920
 32942
 32544
 33398
 32750
 33390
 32604
 32766
 32506
 33446
 32544
 32766
 32886
 32986
 32820
 32850
 32976
 33084
 32946
 32654
 32962
 32834
 32486
 33102
 32866
 33258
 32870
 33230
 33302
 32590
 32986
 32824
 32932
 33446
 32948
 32686
 33012
 32740
 33040
 32546
 32776
 32668
 32710
 33064
 32808
 33080
 32764
 32848
 32812
 32758
 32558
 32836
 32918
 33060
 32334
 33096
 32838
 33400
 32990
 33004
 32966
 32670
 32538
 32412
 32970
 32980
 33116
 32968
 32718
 32734
 32746
 32808
 32602
 33320
 33056
 33044
 33118
 32934
 32714
 32670
 32812
 32848
 32632
 32772
 32910
 32600
 32724
 33088
 32860
 33020
 32938
 32774
 32688
 33182
 32646
 32780
 32906
 32616
 32864
 32672
 33052
 32944
 33156
 32740
 32742
 33030
 32886
 32434
 32722
 32542
 32424
 32968
 32772
 32612
 33070
 32884
 32750
 32732
 32684
 32814
 32736
 32626
 33312
 32970
 32892
 32706
 33026
 32888
 32994
 32852
 33294
 32980
 32862
 33156
 32480
 32774
 33118
 33306
 32740
 32826
 33246
 32674
 32920
 32872
 32696
 32622
 32764
 32862
 33636
 32720
 32756
 32610
 33094
 32780
 33474
 32972
 32808
 33238
 32802
 33356
 33132
 32836
 33070
 32622
 32590
 32902
 33186
 33138
 32828
 33018
 33030
 32918
 32374
 32968
 33240
 32618
 32498
 33158
 33022
 32718
 33070
 33032
 32744
 32752
 32660
 32988
 32704
 32670
 33018
 32794
 32974
 33424
 32680
 33070
 33170
 33028
 32636
 33032
 33028
 32930
 33052
 33184
 32790
 32644
 32634
 33064
 33030
 32768
 33152
 32742
 33292
 33232
 32980
 32896
 33152
 32986
 32846
 32766
 32518
 33302
 32914
 32900
 32824
 32862
 33196
 32636
 32766
 32778
 32724
 33510
 33288
 32894
 33284
 32934
 32698
 32920
 32858
 32846
 32916
 33028
 33278
 33086
 32654
 32984
 32892
 32768
 33112
 33002
 32742
 32730
 33202
 32998
 32352
 33014
 32560
 32826
 32816
 32516
 32844
 33144
 32864
 32408
 32462
 32972
 32678
 33350
 33020
 32868
 33222
 33200
 32628
 32666
 32832
 32774
 33042
 32372
 32780
 32770
 32970
 32668
 33104
 32670
 32990
 32942
 32998
 32924
 33184
 32988
 32792
 33028
 32732
 33002
 32966
 32836
 32962
 32560
 32638
 33066
 32874
 33004
 33056
 32986
 32990
 32976
 32924
 32646
 32724
 32740
 33380
 32812
 32734
 33010
 33090
 33108
 32902
 32918
 32980
 32622
 32962
 32854
 33120
 32814
 32558
 32610
 32680
 33090
 32974
 32922
 32796
 32518
 32784
 32608
 32652
 32626
 32680
 32834
 32932
 32610
 32760
 32886
 32808
 33280
 32906
 32370
 32796
 32622
 33010
 33200
 32892
 33290
 33030
 32924
 32802
 33230
 32764
 33044
 32924
 32648
 32856
 33156
 33046
 32640
 33054
 32998
 33088
 32798
 32464
 32822
 32974
 32900
 33214
 32608
 32384
 33166
 32864
 32550
 32860
 32854
 32704
 33294
 32882
 33310
 33264
 33046
 32744
 32982
 33330
 32940
 32920
 33314
 32724
 33204
 32640
 32656
 32986
 32706
 32778
 33278
 33038
 33148
 33070
 32824
 33086
 33150
 33034
 32992
 32720
 32678
 32792
 32704
 33278
 33212
 32608
 32758
 32860
 33062
 32822
 32834
 32936
 32938
 32592
 32824
 32796
 32900
 32654
 32800
 32556
 32522
 33420
 32848
 33100
 33116
 33046
 32364
 32804
 32552
 32562
 32944
 33168
 33002
 32760
 33080
 32730
 32706
 33136
 32760
 32710
 33104
 33250
 32598
 32996
 32742
 33160
 32924
 32816
 32888
 32860
 32704
 33114
 32910
 32838
 32668
 33334
 32384
 32880
 32604
 32726
 32836
 32920
 33156
 33066
 33082
 32812
 33372
 33006
 32868
 33202
 33034
 33306
 32762
 32978
 32544
 33296
 32698
 33168
 33330
 33534
 32672
 32638
 33034
 32634
 32878
 32818
 32902
 33168
 32832
 32692
 33018
 32912
 33004
 33418
 33360
 33036
 32728
 33118
 32904
 32928
 32516
 32922
 32710
 33182
 32864
 32730
 33222
 32938
 33046
 32744
 33226
 32984
 33524
 32688
 32910
 32960
 32420
 32752
 32708
 32998
 32750
 32930
 33264
 32950
 32902
 32732
 32738
 33074
 32886
 32984
 33074
 32826
 32692
 33236
 33256
 33084
 32394
 32842
 32686
 33110
 33096
 32846
 32732
 32924
 32644
 32352
 32758
 33142
 32648
 33162
 32848
 33152
 32680
 33080
 33116
 33362
 32602
 33080
 32714
 33060
 32700
 32784
 33244
 32702
 32770
 32838
 32964
 33336
 32922
 32822
 33642
 32920
 33040
 33054
 33076
 32306
 33298
 33196
 33120
 32794
 32730
 32928
 32962
 33034
 32914
 33154
 32932
 33104
 33242
 33300
 32882
 32914
 33058
 32792
 32686
 32822
 33212
 32758
 32504
 32542
 32918
 33296
 32720
 33190
 32760
 32930
 32484
 33166
 32958
 33096
 32548
 33012
 32674
 32838
 32904
 32724
 32942
 33198
 33120
 33110
 32894
 32898
 32774
 32642
 32704
 32484
 33124
 32870
 33014
 32704
 33068
 33196
 32782
 32654
 32564
 33186
 32752
 32752
 32620
 33050
 32664
 32720
 33002
 32760
 33060
 32864
 32784
 32798
 33508
 33174
 32760
 33384
 32884
 32946
 32768
 32724
 33154
 32988
 32460
 32230
 32584
 32464
 32496
 33304
 33022
 32886
 32894
 32604
 32820
 33226
 32662
 32528
 32748
 32892
 32986
 32752
 33070
 32816
 33138
 32216
 32774
 32422
 32552
 33030
 33278
 32656
 33042
 32764
 32800
 32906
 32652
 32800
 33180
 33164
 32766
 32206
 32684
 33070
 32908
 32984
 33034
 33108
 32624
 32946
 32792
 32780
 32996
 33048
 33074
 33308
 33100
 32724
 33022
 33092
 32868
 33038
 32788
 33194
 32970
 33164
 32830
 32830
 32966
 32938
 32654
 33026
 32716
 32844
 33164
 32620
 32616
 32758
 33006
 32560
 32564
 32614
 32930
 33424
 32786
 32666
 32462
 32802
 32826
 33078
 32632
 33010
 33168
 33056
 33034
 32720
 32810
 32940
 33054
 32534
 33208
 33250
 32802
 32662
 33062
 32642
 32790
 32838
 32884
 32874
 32616
 32658
 32740
 33064
 32630
 32600
 32858
 32658
 32200
 32798
 33292
 33236
 32680
 32778
 32882
 32948
 33090
 32540
 32338
 32960
 32834
 32582
 33014
 32992
 32730
 32568
 32886
 32632
 32892
 33154
 32654
 32762
 33034
 33176
 33076
 33124
 33248
 32852
 32670
 33050
 32570
 32656
 32790
 32824
 32694
 32486
 33248
 33026
 32754
 32410
 32936
 32738
 32660
 33216
 32712
 32546
 32990
 33034
 32734
 32714
 32806
 33220
 32932
 33446
 32972
 32470
 32610
 32948
 32778
 32994
 32674
 32700
 32742
 32756
 32582
 33128
 33194
 33258
 33058
 32548
 32868
 33068
 33502
 32476
 32690
 33162
 32976
 32584
 33438
 33044
 32686
 32958
 33012
 32796
 32996
 32654
 32550
 32890
 32978
 32746
 33312
 33238
 33078
 33048
 32876
 32564
 33408
 32670
 33072
 33004
 32878
 33070
 32936
 32988
 32818
 32438
 32960
 32554
 33004
 32878
 32964
 32742
 33044
 32982
 32328
 32964
 32876
 32692
 32952
 32864
 32912
 32568
 32824
 32704
 32796
 32594
 32720
 33180
 32486
 32658
 32704
 33070
 32916
 33032
 32962
 32532
 32552
 32382
 32740
 32908
 33020
 32218
 32422
 32958
 32860
 32378
 32700
 32828
 32590
 32706
 33162
 32796
 32656
 33198
 32806
 32874
 33162
 32936
 32562
 33004
 32698
 32596
 32540
 32400
 32688
 32980
 33152
 32884
 32938
 32968
 33142
 32590
 32694
 33156
 32754
 32936
 32520
 32812
 32690
 32966
 33142
 32916
 33038
 32528
 33378
 32594
 32610
 32998
 32524
 32620
 33048
 33036
 33084
 32990
 32916
 32836
 32500
 32896
 32646
 33228
 32894
 33000
 33322
 33068
 32566
 32886
 33130
 32816
 33252
 33074
 32802
 32694
 33028
 32700
 32830
 32934
 32964
 33132
 32970
 33204
 32848
 32986
 32860
 33046
 32844
 33058
 32880
 33426
 32572
 32636
 32466
 32718
 32996
 32564
 32902
 32914
 32524
 32776
 32896
 32820
 33028
 32992
 32516
 32584
 32952
 32894
 32956
 32866
 32928
 33276
 32736
 33110
 32916
 33008
 32600
 32686
 32824
 32738
 32714
 33298
 32776
 32862
 33098
 32610
 33008
 32360
 33164
 32912
 33012
 33284
 33348
 32582
 33384
 32686
 33232
 33554
 32500
 32718
 33188
 32594
 32798
 32652
 32632
 32968
 32948
 32588
 32830
 32774
 33186
 33060
 32488
 33106
 32376
 33022
 32688
 33138
 32552
 33160
 32900
 33474
 32910
 32932
 32772
 33208
 32936
 32884
 32768
 32674
 33216
 33112
 33142
 33214
 33088
 33066
 32828
 32942
 32852
 33156
 32504
 32982
 32516
 33216
 33028
 33112
 32930
 32654
 33052
 32826
 32570
 32904
 32640
 33064
 32942
 33126
 32996
 32588
 32690
 32794
 32766
 32874
 32922
 32894
 32748
 33054
 32654
 32586
 33374
 32702
 32994
 32666
 32798
 32450
 32968
 32800
 33012
 32518
 32646
 32820
 33036
 32760
 32896
 32594
 33146
 32602
 32678
 32806
 33026
 32476
 32922
 32780
 33026
 32808
 32982
 32628
 32956
 32892
 33004
 33004
 32604
 32768
 32964
 32774
 32342
 32866
 33030
 32908
 32782
 32890
 32676
 32522
 32406
 32838
 33286
 33084
 33114
 32856
 33138
 32924
 32830
 32968
 32808
 32490
 33048
 32990
 33228
 32958
 32410
 32876
 32976
 32656
 33288
 32686
 32754
 33062
 32428
 33148
 33144
 32528
 32766
 32604
 32718
 32868
 33170
 33080
 32874
 32510
 32724
 32996
 32938
 33008
 33028
 32972
 32918
 33122
 32890
 32584
 32760
 32858
 32846
 32726
 33050
 33114
 33110
 32526
 32812
 32912
 33088
 32902
 33282
 32642
 32626
 32746
 32958
 32834
 33070
 32784
 32568
 32840
 32882
 32712
 32522
 32738
 32658
 33158
 33498
 32786
 33062
 32966
 32936
 32472
 32992
 32786
 33202
 32440
 32872
 33536
 32864
 33406
 32724
 33098
 33020
 32768
 32374
 32768
 32738
 32698
 32912
 32780
 33010
 33270
 32970
 33022
 32772
 32712
 32868
 32910
 33160
 32916
 33060
 32798
 32788
 32472
 33154
 33496
 32722
 32590
 32764
 32702
 32688
 32832
 32844
 33114
 32706
 32776
 33006
 33230
 33102
 32970
 32812
 32988
 33028
 32730
 32976
 33360
 32546
 33224
 33068
 32608
 32982
 32674
 32710
 32860
 33116
 32800
 32540
 33418
 33520
 33152
 32692
 32606
 32918
 32828
 33198
 32750
 32976
 32710
 32332
 32798
 33028
 32496
 33350
 33454
 32528
 32524
 33090
 32664
 32640
 32948
 33008
 32170
 32838
 32726
 33044
 33130
 32304
 32730
 32956
 33034
 32722
 32966
 32926
 32608
 32794
 32810
 33126
 32580
 32494
 32452
 32692
 33088
 33130
 32898
 32970
 32972
 32960
 32444
 32690
 33310
 33056
 33068
 32976
 32428
 32478
 32736
 33164
 32878
 32842
 32642
 33046
 32924
 33126
 33206
 32724
 32850
 33036
 32862
 32922
 33226
 32744
 33164
 32816
 33208
 32686
 33254
 32984
 33086
 33216
 32656
 32820
 32966
 33098
 32882
 32766
 32870
 32958
 33248
 32606
 32818
 33080
 32964
 32970
 33040
 32806
 33044
 32754
 32970
 33082
 32890
 33100
 32638
 32940
 32552
 33134
 32854
 32738
 33140
 32684
 33178
 32784
 32826
 32978
 32934
 32626
 33032
 32852
 32572
 32734
 32898
 33536
 33080
 32932
 32620
 32896
 33154
 32654
 32730
 32870
 33026
 32708
 32952
 33232
 32770
 32716
 32720
 32886
 33092
 32990
 33192
 33174
 32952
 32898
 32820
 32718
 33450
 32994
 32974
 32782
 32638
 33376
 32530
 33010
 32940
 32912
 32986
 32618
 33018
 32484
 32672
 33208
 32750
 32944
 33072
 32968
 32868
 32946
 33010
 32772
 32948
 32948
 32856
 32434
 33018
 32644
 33168
 32950
 32498
 32580
 32856
 32668
 33164
 33214
 32504
 32970
 33302
 33016
 32678
 32744
 33030
 33034
 32688
 32536
 32912
 32500
 32732
 33300
 32846
 33044
 33126
 32830
 32792
 33258
 32754
 33386
 32814
 32950
 32806
 32780
 33112
 32542
 32746
 33392
 33104
 32860
 32622
 32742
 33002
 33042
 32934
 33180
 33110
 33000
 32904
 32762
 33056
 32384
 33098
 32632
 33318
 32840
 32966
 32868
 33654
 32548
 32872
 32838
 32940
 33186
 32648
 32994
 33182
 32630
 33170
 32496
 32994
 32864
 32956
 32558
 32866
 32712
 32820
 33048
 32934
 33098
 32910
 32856
 32892
 33138
 32590
 33076
 32584
 32380
 32884
 33206
 32822
 32850
 33296
 32726
 32862
 33002
 32782
 32856
 33148
 33456
 32730
 33078
 33280
 33092
 32886
 32570
 32548
 33068
 33086
 32936
 33064
 33086
 32670
 32892
 32810
 32894
 32636
 33056
 33024
 32592
 32822
 32450
 33002
 32980
 32756
 32598
 32970
 32948
 32900
 32956
 32996
 32664
 33338
 33096
 32528
 32842
 33076
 32986
 32622
 33186
 32680
 32584
 33140
 33392
 32860
 32894
 33178
 33014
 32804
 32874
 33010
 32944
 32610
 33174
 32860
 32760
 32832
 32688
 33414
 32898
 33324
 33028
 33418
 32680
 33032
 33188
 32770
 33080
 33074
 32792
 33288
 32928
 32806
 32782
 32916
 32678
 32626
 32880
 32948
 32986
 32900
 32962
 32630
 32826
 32858
 32906
 33202
 32616
 32798
 32868
 33038
 32574
 32728
 32994
 33154
 32790
 32960
 32610
 32562
 32382
 33004
 32780
 33168
 32676
 33108
 32770
 32810
 33448
 32940
 32540
 32712
 32824
 33402
 33094
 33236
 32838
 33178
 33058
 32730
 32754
 33006
 33016
 32732
 32694
 33282
 33034
 33174
 33060
 32598
 33168
 32994
 32694
 32988
 33138
 32928
 33214
 32706
 33360
 32586
 33078
 33486
 33028
 33360
 32834
 32886
 32794
 32964
 33146
 32760
 33354
 33150
 32526
 33114
 33082
 33132
 32860
 33048
 32808
 33052
 32500
 32800
 32658
 33048
 33026
 32852
 33064
 32836
 33070
 32932
 32958
 32540
 33038
 32692
 32698
 32792
 33056
 32926
 32566
 32964
 33032
 33432
 33026
 32690
 32720
 33088
 33086
 33010
 32790
 32600
 33228
 32480
 33002
 32890
 33104
 32886
 32900
 32740
 32964
 32926
 32942
 32918
 32920
 32686
 32270
 32832
 32174
 33056
 33448
 32482
 32632
 32788
 33060
 32690
 32382
 33130
 32850
 32886
 33236
 32714
 33258
 33044
 32632
 33174
 32934
 33008
 32752
 33122
 33188
 32846
 32764
 33188
 32790
 32906
 33308
 33262
 33026
 32918
 32922
 32700
 33078
 33092
 32744
 33170
 32512
 33052
 32696
 33134
 32740
 32780
 32770
 32828
 32888
 32768
 33050
 32876
 32758
 33086
 32880
 32948
 32870
 33114
 33056
 32884
 32630
 32984
 33070
 32588
 32908
 32878
 32966
 33022
 32790
 32560
 33060
 32712
 33148
 32860
 33202
 33072
 33076
 32966
 32874
 32526
 32886
 33028
 32802
 32980
 32766
 32784
 32956
 32778
 33114
 33030
 32924
 32516
 33056
 32576
 32938
 33238
 32836
 32774
 33306
 32940
 33180
 32282
 32720
 33068
 32456
 32858
 33274
 32944
 32408
 32948
 32982
 33016
 32974
 33378
 32714
 32780
 32498
 33098
 33202
 33428
 32692
 32698
 32858
 32862
 33196
 32876
 33018
 33320
 32964
 32542
 33216
 32880
 33174
 32918
 33042
 32692
 33210
 32680
 32856
 32606
 32566
 32602
 32664
 33088
 32948
 32846
 33160
 32942
 32958
 32518
 32596
 33078
 32926
 33184
 33442
 33416
 32708
 32872
 33146
 33080
 32692
 32748
 33000
 32348
 33120
 33026
 33050
 32926
 32874
 32722
 32664
 32770
 33092
 32542
 33032
 32666
 32808
 32412
 32614
 32630
 32680
 32788
 32992
 33198
 33096
 32964
 33246
 32346
 33062
 32910
 32776
 33126
 33008
 32864
 32674
 33062
 32870
 32700
 32610
 32840
 32740
 32740
 32858
 33118
 33362
 33030
 33306
 32964
 33054
 33074
 32822
 32770
 32824
 33080
 32784
 32876
 32940
 33116
 32974
 32546
 33102
 32820
 32938
 32660
 32570
 32808
 33040
 32844
 33142
 33086
 32582
 32512
 32856
 32978
 32770
 32846
 32686
 32756
 32892
 32510
 32838
 32984
 32974
 32892
 33162
 32928
 32730
 33288
 32602
 33032
 32640
 33240
 32774
 32870
 33008
 32750
 32774
 33032
 33242
 33632
 32994
 32870
 32800
 32934
 33354
 32666
 32632
 32994
 32362
 32886
 32866
 33252
 33386
 33374
 33090
 33112
 33002
 33398
 32486
 32596
 32938
 32376
 32436
 32876
 32908
 32640
 33002
 32726
 33226
 32862
 32286
 32978
 33002
 33400
 32980
 32908
 33114
 32756
 32818
 32580
 32878
 32900
 33084
 33194
 32572
 32970
 32786
 33224
 33024
 33464
 33118
 33106
 33014
 32840
 33322
 33010
 33446
 33000
 32724
 33130
 32954
 32806
 32826
 32806
 33070
 33230
 32870
 33460
 32778
 32420
 32934
 32620
 32734
 32864
 33158
 32608
 32628
 32944
 32846
 32978
 32912
 33162
 33276
 32946
 32750
 32812
 33276
 32928
 32706
 32786
 32376
 32996
 33132
 32638
 33140
 32998
 32698
 32776
 32948
 32988
 32756
 33302
 33270
 33094
 32680
 32400
 32994
 33174
 33132
 32928
 33194
 33084
 32810
 32698
 32666
 32952
 32536
 33088
 32762
 32694
 32396
 33162
 33020
 32834
 32790
 32984
 32562
 32910
 32690
 32730
 32952
 32702
 33118
 32836
 32258
 33466
 32824
 33052
 33020
 32788
 33030
 32962
 32806
 32606
 32916
 32942
 32828
 32982
 32762
 32924
 33180
 33140
 32898
 32628
 32658
 32690
 33008
 33066
 32564
 32778
 32880
 32710
 32952
 32876
 32966
 33014
 33056
 32806
 32590
 33096
 32690
 33280
 32982
 32762
 32786
 32984
 32958
 32584
 33090
 33118
 32892
 33072
 32944
 32896
 32832
 33156
 32932
 33112
 32614
 32810
 32860
 33062
 33000
 33174
 33218
 32492
 32782
 33460
 32914
 32936
 32804
 32906
 33034
 33118
 32962
 33076
 33026
 33092
 33068
 33090
 32582
 32778
 33192
 32600
 32714
 33018
 32844
 33180
 32942
 33036
 32804
 32620
 32832
 33018
 32932
 33370
 33496
 32548
 32936
 32542
 33086
 32916
 33102
 32916
 32616
 33390
 32962
 32970
 32606
 32674
 32582
 32868
 33006
 33340
 33044
 33412
 32812
 32624
 32848
 32338
 32814
 32688
 33296
 32822
 32996
 32718
 33086
 32712
 33300
 32682
 32468
 33184
 32760
 32522
 33098
 32534
 32946
 32654
 33442
 32766
 33226
 33230
 32392
 32726
 33080
 32700
 32984
 32998
 33072
 32986
 33052
 32910
 33064
 32694
 32612
 33168
 33226
 32818
 32834
 33382
 33038
 32434
 32894
 32958
 33098
 32826
 32820
 32618
 32902
 32364
 32794
 32654
 33250
 32886
 33260
 32732
 33090
 32926
 32918
 32634
 32920
 33104
 33032
 32900
 32476
 32756
 32966
 32662
 32528
 32644
 33000
 33112
 33004
 33182
 32850
 32874
 32670
 32780
 32548
 33036
 32716
 32544
 33190
 33176
 32582
 33058
 32966
 33368
 32830
 32902
 32940
 33264
 33022
 32730
 32728
 32546
 32842
 33304
 32816
 32700
 32696
 32926
 33072
 33002
 32402
 33118
 32848
 32968
 33356
 32700
 32776
 32712
 32922
 32772
 32870
 32964
 32452
 32980
 32856
 33202
 32988
 32608
 32844
 33124
 32420
 32792
 32922
 33040
 32766
 32828
 33116
 33270
 32498
 33266
 32992
 32796
 32888
 32852
 33210
 32552
 33218
 33136
 33018
 32880
 33078
 33228
 32878
 32480
 33158
 33126
 32654
 33130
 33116
 32964
 33004
 33010
 32734
 33114
 33352
 32890
 32846
 33022
 32586
 32938
 32530
 32684
 33404
 32670
 32992
 32676
 32784
 32838
 32900
 33186
 32594
 33144
 32506
 32972
 32582
 33098
 32912
 32636
 32758
 33136
 32802
 32886
 32884
 32916
 32742
 33336
 32902
 33058
 32580
 32718
 32770
 33058
 33418
 32786
 32808
 33222
 33106
 32856
 33124
 33046
 32854
 32900
 33468
 32740
 32990
 32936
 32738
 32958
 32896
 33104
 32798
 32970
 33392
 32622
 33028
 32926
 32254
 32608
 32882
 32908
 32880
 32968
 32718
 33024
 32632
 33232
 33130
 32602
 32772
 32962
 32908
 32972
 32666
 33224
 32506
 32864
 32806
 33158
 33306
 32888
 32890
 33326
 32990
 32942
 32778
 32620
 32970
 33010
 32852
 32726
 32350
 32562
 32942
 32476
 33274
 32920
 32732
 33162
 32978
 32840
 32842
 33080
 32786
 33244
 32692
 32486
 33070
 32604
 33132
 33116
 32858
 33104
 32956
 32952
 32754
 32724
 33086
 32994
 32590
 32822
 32784
 32890
 32806
 32578
 32916
 32972
 32644
 33164
 33014
 32374
 32740
 33214
 32748
 33398
 32612
 33038
 32712
 32682
 32998
 32876
 32938
 33004
 32534
 33346
 33146
 32720
 32846
 32496
 32876
 32440
 32980
 32876
 32468
 32474
 32878
 32866
 32754
 32580
 33230
 32664
 32950
 32882
 32600
 33304
 33176
 32900
 32748
 32804
 33108
 32976
 32754
 32762
 32694
 32598
 32888
 32752
 32452
 32500
 32768
 33094
 33010
 32978
 32974
 32562
 33300
 33266
 32740
 32910
 32648
 33100
 33002
 32992
 32908
 32652
 32664
 32918
 33032
 33066
 33022
 32942
 32890
 32926
 32820
 32762
 33220
 33232
 33026
 32678
 32704
 32952
 33452
 33054
 32756
 32950
 32998
 32804
 32776
 32578
 32964
 32676
 32946
 32662
 32750
 32798
 33168
 33122
 33124
 32828
 32704
 32978
 32722
 32986
 33134
 32878
 32760
 32758
 33042
 33274
 32656
 32732
 33008
 32932
 32786
 33220
 32486
 32858
 32794
 32960
 32516
 33176
 33156
 33140
 32742
 32610
 32966
 33052
 33326
 33022
 32802
 33014
 33282
 32860
 33342
 33078
 32996
 32522
 33304
 32856
 32850
 32802
 33434
 32962
 33284
 33016
 32998
 32924
 32636
 33002
 32998
 32990
 32948
 32740
 32632
 32672
 32752
 32634
 32804
 32906
 32888
 32378
 33148
 32746
 32690
 32856
 32994
 32608
 33022
 32766
 32492
 32758
 32944
 32562
 32854
 33260
 32940
 32630
 33146
 32486
 32514
 32932
 32806
 32808
 32960
 32516
 33038
 32568
 33050
 33024
 32994
 32984
 32880
 32812
 32522
 32606
 33358
 32944
 32738
 33006
 32884
 32844
 32922
 32846
 33164
 32836
 32622
 32990
 33082
 32732
 33386
 32876
 32704
 32882
 32586
 32816
 33256
 32722
 32734
 32604
 33340
 32568
 33044
 32494
 33008
 33098
 33186
 32690
 33162
 32832
 32508
 32652
 33076
 32428
 32926
 33348
 32712
 33232
 32882
 33048
 32786
 32864
 32876
 32642
 32492
 33026
 33208
 33094
 32892
 32680
 32712
 33258
 33228
 32770
 33262
 32608
 32880
 33278
 32830
 33048
 32666
 32672
 32868
 32728
 32930
 32722
 33268
 33306
 32926
 32830
 33162
 32896
 32898
 32822
 33028
 32918
 33226
 32830
 32506
 33222
 32518
 33134
 32840
 32950
 33268
 33194
 32696
 32732
 32858
 33080
 32644
 32872
 32760
 32874
 32336
 32794
 32744
 32976
 32528
 32904
 32766
 33194
 33090
 33022
 33060
 32944
 32532
 32988
 32898
 32436
 33158
 32410
 33056
 32714
 32758
 33126
 32878
 32958
 32844
 32780
 32846
 32880
 32964
 32744
 33078
 33202
 33120
 33052
 33138
 32768
 32954
 32796
 32766
 33404
 32786
 32956
 32564
 33452
 32798
 33330
 32940
 33004
 32864
 33232
 32816
 32862
 32938
 32978
 32818
 33034
 33182
 32990
 32842
 32974
 32760
 33170
 32812
 33002
 32812
 33130
 32846
 32758
 33106
 32748
 33152
 32754
 33006
 33028
 32770
 32394
 32490
 32952
 32826
 32878
 32936
 32496
 33186
 32872
 33144
 32804
 32860
 33560
 32882
 32630
 32852
 32514
 33386
 32940
 32618
 32994
 32662
 32848
 32618
 32344
 32830
 32970
 33100
 32974
 32588
 33062
 32612
 32776
 33148
 32742
 32872
 32566
 33052
 33098
 33216
 32736
 33076
 33382
 33302
 32972
 32450
 32984
 32908
 33086
 32912
 33026
 32808
 32836
 32932
 32680
 32650
 32772
 32976
 32844
 32886
 32928
 33192
 32768
 32818
 33002
 33354
 33046
 32514
 33072
 33374
 33346
 32744
 32670
 32684
 32560
 32810
 33242
 32930
 32838
 32528
 32524
 32860
 33184
 32718
 33034
 33002
 32718
 33212
 32812
 32748
 32744
 32920
 32988
 33144
 32778
 33054
 32892
 32606
 32770
 32944
 32696
 32990
 33056
 32840
 32470
 32736
 33096
 32948
 32810
 32972
 32992
 32518
 33158
 32812
 32724
 32618
 32520
 33068
 32604
 33122
 32878
 32916
 32928
 33114
 32890
 32468
 32732
 32744
 32754
 33050
 32276
 32764
 32558
 32932
 32948
 33342
 32834
 32810
 32858
 32688
 33172
 33088
 32946
 33508
 32918
 32776
 33064
 32884
 33012
 33170
 33048
 32634
 32504
 32836
 32742
 33044
 33234
 33416
 33496
 33208
 32704
 32952
 33020
 33072
 32978
 33088
 32998
 33262
 32792
 32944
 32878
 32862
 32940
 33020
 32792
 33140
 33154
 32886
 32918
 32854
 33524
 32766
 33104
 33114
 33108
 33580
 32656
 32990
 32980
 32736
 32848
 32726
 32744
 33108
 32672
 33232
 32698
 32700
 32804
 32852
 32484
 32890
 32496
 33000
 32790
 32644
 32934
 32708
 32934
 32714
 32776
 33042
 33126
 33052
 33144
 33278
 32420
 32766
 32788
 32916
 32746
 33088
 32816
 32860
 33090
 33130
 32990
 32952
 32874
 33140
 33088
 32942
 33224
 33076
 32454
 32858
 32896
 33016
 33004
 32950
 33112
 33048
 33062
 32754
 32712
 32842
 32854
 32784
 32402
 33242
 32938
 33004
 32620
 33048
 33032
 33120
 32712
 33012
 32422
 32866
 32544
 33196
 32622
 33188
 32816
 32990
 32632
 32662
 32660
 32962
 32760
 32870
 32682
 32996
 32562
 32906
 32850
 32922
 32768
 32890
 33162
 32788
 32752
 33140
 32850
 32648
 32706
 32698
 32944
 32822
 33324
 32988
 32914
 32926
 32840
 32602
 32740
 32790
 33006
 33098
 32782
 32860
 33122
 32312
 32852
 32712
 33106
 32644
 32980
 32656
 32872
 32900
 33124
 32968
 33016
 33016
 33268
 33438
 33058
 32566
 32986
 32766
 33158
 33212
 32596
 32582
 33558
 33328
 32804
 33204
 33118
 33332
 32706
 33082
 32710
 33078
 32446
 32578
 33044
 32750
 33606
 32726
 33076
 33042
 32950
 32966
 32898
 33166
 33138
 33024
 33192
 33246
 33232
 33132
 32758
 32784
 32914
 32648
 33012
 32816
 32770
 32620
 32924
 32892
 32696
 33062
 33180
 33108
 32822
 32512
 32896
 32972
 32844
 32776
 32772
 32322
 32772
 33116
 33040
 32732
 33172
 32934
 33284
 32636
 32624
 32996
 32832
 32790
 32934
 33278
 32800
 33068
 33466
 32608
 32796
 33172
 32840
 33080
 32822
 32736
 32440
 32976
 32762
 32668
 32916
 32702
 33296
 32856
 32960
 32780
 32506
 32736
 32944
 33030
 32892
 32692
 32978
 32912
 32972
 32862
 33042
 32958
 33068
 32838
 32516
 32910
 32878
 32412
 32864
 33114
 32752
 32802
 32976
 32976
 32682
 32962
 32832
 33038
 32748
 32884
 33204
 32978
 32724
 32976
 33270
 32528
 32788
 32742
 33054
 33148
 32922
 33304
 33078
 33150
 32882
 33014
 32718
 32604
 32282
 32686
 32446
 33064
 32836
 32718
 32944
 32760
 32574
 32756
 32412
 32816
 33282
 32880
 33320
 32848
 32894
 32988
 32740
 33392
 32884
 33128
 32986
 32468
 33178
 32650
 32578
 32966
 33014
 33376
 32948
 32788
 32796
 33096
 33082
 33006
 32878
 32614
 33392
 32890
 32860
 33324
 33156
 32364
 33096
 32714
 32984
 32980
 33366
 33024
 33040
 33238
 32454
 33068
 33152
 32792
 32306
 32952
 32962
 32830
 33336
 32702
 32724
 32914
 32914
 32774
 33064
 32774
 32960
 32500
 32994
 32502
 32902
 33512
 32622
 32830
 32574
 32928
 33200
 32864
 33132
 32822
 32980
 32650
 32550
 32994
 33202
 33174
 33308
 32860
 32494
 32820
 32904
 32556
 32496
 32946
 32744
 32708
 32844
 32850
 32958
 33118
 32988
 33164
 33256
 33266
 32876
 33010
 33296
 33100
 32742
 32646
 32994
 32960
 32280
 33002
 32926
 32872
 32888
 32680
 32540
 32962
 33028
 32734
 32766
 32874
 32962
 32318
 32540
 33004
 32866
 32912
 33254
 32828
 33152
 32972
 33170
 33016
 32690
 33048
 33120
 32808
 33068
 32932
 32868
 33188
 32802
 32598
 32908
 32832
 32776
 32684
 33188
 32620
 32878
 32978
 32968
 32800
 33272
 33172
 32542
 32816
 32734
 33176
 32898
 32908
 32818
 32794
 33202
 33212
 32832
 32624
 32852
 32814
 32898
 32950
 32960
 32436
 32832
 32470
 32850
 33042
 33094
 33098
 32874
 32678
 32822
 32860
 32900
 33056
 32126
 32580
 33210
 33042
 33154
 33128
 33660
 32564
 33036
 32756
 33000
 32930
 32954
 32960
 32996
 33360
 32758
 33118
 33176
 32762
 32840
 32998
 33082
 33098
 32808
 32702
 33058
 32662
 32646
 32876
 32968
 33108
 33000
 32852
 32596
 32912
 32554
 33002
 32474
 33004
 33010
 32608
 32992
 33094
 32810
 33194
 32694
 32840
 33146
 32774
 32958
 32940
 32854
 32870
 32598
 32916
 33234
 32594
 33134
 32902
 32674
 33374
 33156
 32716
 32670
 32940
 32886
 33134
 32744
 33108
 32996
 32890
 33262
 33084
 33066
 33040
 32640
 33256
 33074
 32858
 32796
 32624
 32936
 33182
 32970
 33154
 32708
 32704
 32886
 32886
 32896
 33024
 32776
 32430
 32974
 32810
 32934
 32684
 33314
 32584
 32598
 33206
 32584
 32802
 33032
 32812
 32974
 32350
 33224
 33162
 32912
 32666
 33064
 33324
 32838
 32558
 32878
 32986
 33038
 32646
 32578
 32890
 33002
 32406
 33140
 32508
 32906
 33178
 33026
 33514
 32684
 33006
 32978
 32866
 32836
 33186
 32812
 33224
 33224
 33020
 33086
 32546
 33356
 33060
 33090
 32844
 32770
 32816
 32846
 32398
 33094
 33334
 32914
 32434
 33416
 33066
 32648
 32930
 33104
 33010
 32640
 32988
 32742
 32972
 33398
 32692
 33128
 32900
 33346
 33180
 32822
 32440
 33010
 32580
 33132
 32674
 32832
 32702
 33116
 32720
 33490
 33196
 32440
 33206
 32714
 32920
 32778
 32878
 33030
 32820
 32876
 33128
 32434
 32616
 33308
 32738
 32498
 33220
 32842
 33096
 33032
 32310
 33042
 32822
 33150
 33006
 32588
 32972
 32660
 32776
 33100
 33178
 32768
 32942
 32984
 32696
 33148
 32514
 33002
 32992
 32954
 32792
 32588
 32874
 32742
 32804
 32506
 32574
 32612
 32840
 32718
 32840
 32806
 32864
 32330
 33042
 33260
 32628
 32842
 33014
 32642
 32744
 32462
 32706
 32720
 33232
 32510
 33212
 33176
 32824
 32696
 32514
 32754
 32650
 32664
 33090
 32988
 32966
 32884
 32734
 32522
 33438
 33004
 33188
 33332
 33264
 32892
 32792
 33042
 32800
 33048
 32662
 33042
 32782
 32976
 33032
 32710
 33026
 33128
 32608
 33304
 33012
 33214
 32560
 33022
 33056
 33048
 32684
 33128
 32582
 32964
 32782
 33178
 32826
 33178
 33112
 32696
 32946
 32862
 33150
 32862
 33082
 32882
 33286
 33024
 32626
 33138
 32666
 32908
 32628
 32816
 32904
 32746
 32782
 32692
 33502
 33086
 32832
 32758
 32794
 32966
 32820
 32910
 32754
 33230
 32976
 32672
 33028
 32650
 33334
 32724
 32714
 32962
 32416
 32576
 32896
 32946
 32826
 32724
 33136
 32726
 32616
 32928
 32998
 32844
 32718
 33304
 32866
 32850
 32986
 33352
 32958
 33382
 32906
 33166
 33118
 32596
 32738
 32546
 33324
 32850
 33190
 32924
 33296
 32584
 33038
 32564
 32644
 32832
 32670
 32984
 32996
 32778
 32510
 33166
 33176
 33092
 32892
 33020
 32480
 32886
 32950
 32726
 33068
 32924
 32684
 32734
 33144
 32726
 32902
 32710
 32844
 33178
 32864
 33074
 32860
 32442
 32986
 33118
 33234
 32458
 32508
 32634
 32796
 32724
 33280
 33076
 33124
 32516
 32490
 32626
 32752
 32826
 33080
 32962
 33050
 33290
 32916
 33272
 33136
 32682
 32988
 32986
 32690
 33096
 33132
 33172
 33074
 32586
 33018
 32614
 32620
 32920
 32830
 32802
 32836
 33132
 33066
 33106
 32942
 33520
 33464
 32942
 32920
 32614
 33134
 32618
 32906
 32878
 33080
 32846
 33154
 32882
 33222
 32884
 32920
 33174
 32766
 33204
 32876
 32720
 32626
 33212
 32876
 32468
 32744
 32748
 32508
 32996
 32840
 32974
 33276
 32950
 33012
 32858
 33110
 33044
 32574
 33410
 32878
 32982
 32902
 32916
 32778
 32926
 33498
 32654
 32904
 32534
 32832
 32290
 32768
 32620
 32728
 32946
 32746
 33184
 32726
 32664
 33090
 32736
 32772
 32416
 32834
 32778
 33218
 33270
 33026
 32782
 32744
 32724
 33028
 32908
 32578
 32840
 32548
 32858
 32662
 32750
 33238
 32864
 32200
 32654
 32832
 32920
 33012
 32588
 33094
 32876
 33002
 32746
 32888
 32756
 32494
 32906
 32716
 32872
 32596
 33028
 32872
 33138
 32978
 32542
 32474
 32998
 33076
 33138
 32880
 33042
 33114
 33484
 32502
 32954
 33086
 32660
 33176
 32508
 32888
 32696
 32940
 32684
 33140
 33036
 32998
 32574
 33044
 32320
 32772
 32822
 33222
 32762
 32836
 32850
 33112
 32940
 32664
 32560
 32816
 32726
 32962
 33118
 32934
 32496
 32804
 32414
 32976
 32728
 32892
 32736
 32996
 32644
 33342
 32438
 33176
 33204
 33086
 32812
 32996
 32638
 32870
 32990
 32884
 32256
 33140
 32530
 32686
 32880
 32986
 32814
 32742
 32976
 32682
 32482
 32712
 32740
 33124
 32794
 33136
 33222
 33050
 32894
 32702
 32726
 32698
 33024
 32838
 32670
 32716
 32786
 33032
 32862
 32854
 32864
 33194
 33130
 32864
 32946
 33012
 32820
 33104
 32720
 33062
 32888
 32928
 32830
 32526
 33026
 32996
 33016
 32668
 33028
 32792
 32722
 32710
 33158
 32992
 32816
 33114
 33058
 33036
 32812
 32994
 33140
 33092
 32662
 32970
 33184
 33088
 32988
 33230
 32926
 33094
 32972
 32604
 32504
 32972
 33080
 32876
 33018
 32816
 32774
 32710
 32494
 33038
 32742
 32522
 32972
 33176
 32822
 32526
 33144
 32784
 32742
 33192
 32926
 32924
 32830
 32580
 33142
 33044
 33094
 32742
 32940
 33194
 32964
 32616
 32854
 32712
 32954
 32790
 33078
 32912
 32860
 33190
 32874
 32582
 32808
 32946
 32780
 33034
 32766
 32930
 33048
 32534
 33068
 32838
 33038
 32852
 32936
 32978
 32780
 32702
 32946
 32780
 33006
 33026
 33040
 32868
 32784
 32754
 32704
 32914
 32740
 32994
 32722
 32924
 32702
 32514
 32998
 32608
 32890
 33290
 32800
 33230
 32960
 32892
 32950
 32974
 32726
 32650
 32332
 33060
 32894
 33264
 32786
 33296
 32908
 32694
 32892
 32740
 33492
 32976
 32714
 32776
 33070
 33122
 33240
 32920
 32678
 33168
 32846
 32892
 33100
 32928
 32686
 32926
 32914
 32910
 32866
 32660
 32608
 33020
 32554
 32558
 32662
 32978
 33016
 32448
 33156
 32958
 33040
 32804
 32756
 33128
 32646
 33124
 32968
 33142
 32820
 32728
 32782
 32676
 32732
 33428
 32568
 32830
 32824
 32994
 33434
 32928
 33104
 33070
 32776
 33042
 33370
 32726
 32800
 32752
 33066
 32366
 32774
 32756
 32852
 33246
 32860
 32508
 33578
 32742
 33394
 33030
 33160
 32810
 32630
 32702
 32810
 32696
 32524
 32756
 33028
 32640
 33146
 33112
 32492
 33252
 33108
 32954
 32708
 32538
 32436
 32848
 33036
 33100
 33004
 33242
 32824
 33228
 32630
 33014
 33126
 32718
 33222
 33078
 33054
 33240
 33008
 32460
 33056
 32886
 33036
 33114
 32782
 32870
 32980
 32868
 32946
 32642
 32860
 33182
 32828
 32928
 33116
 32866
 32702
 32610
 32946
 33078
 32282
 32754
 32760
 32746
 32920
 32580
 33006
 33430
 33064
 32852
 32646
 33028
 33018
 32954
 32852
 33098
 33070
 33066
 32814
 33096
 32822
 32840
 33000
 32496
 33254
 32316
 32796
 33394
 33040
 33086
 32762
 32642
 32906
 32976
 32862
 32898
 32842
 32382
 32980
 32980
 32786
 33098
 33044
 32542
 32788
 32842
 32990
 33260
 32948
 33058
 32750
 33074
 32754
 32610
 32902
 33418
 32900
 32694
 32900
 32562
 33092
 33474
 32592
 32638
 32942
 33274
 33128
 32552
 32874
 32872
 33304
 33252
 32746
 33044
 32976
 33160
 32734
 32796
 32780
 32660
 32530
 33154
 33488
 33014
 32972
 33048
 32558
 33190
 32776
 33048
 33152
 33324
 32850
 32738
 32854
 33088
 33154
 33020
 32986
 32506
 33116
 32966
 32924
 32584
 33080
 33186
 33092
 32800
 32762
 33002
 32932
 33012
 32692
 32872
 32772
 32936
 33478
 33184
 32650
 32790
 32612
 33058
 32910
 32614
 33126
 32870
 32796
 33118
 32708
 33156
 32958
 32516
 32886
 32648
 32316
 32704
 32828
 32970
 32910
 33058
 33176
 32988
 32648
 32988
 33064
 32642
 32976
 32542
 32694
 32920
 32906
 32796
 33070
 32668
 32926
 32496
 33014
 33134
 32766
 32520
 33248
 32710
 33018
 32622
 32982
 33182
 33180
 33314
 32834
 32882
 32814
 32802
 32940
 32852
 32954
 32978
 32428
 32892
 32806
 32904
 32890
 33002
 32958
 32924
 33246
 32784
 32616
 32792
 33236
 33138
 32472
 32788
 32962
 32868
 32916
 32648
 32960
 32774
 33290
 33236
 32806
 32930
 32568
 32854
 33050
 33236
 32476
 32810
 32612
 32578
 32606
 32960
 33326
 32854
 32882
 32976
 33162
 33302
 33126
 32716
 32756
 32814
 33010
 32876
 32794
 33152
 32784
 32760
 32796
 32774
 32802
 32776
 32842
 33040
 33104
 32844
 32604
 33102
 32894
 33012
 32578
 32976
 32886
 33116
 32664
 33112
 32654
 33010
 32410
 33394
 32740
 32488
 33094
 33016
 32922
 32950
 32782
 32736
 33230
 32712
 33076
 32504
 32616
 32932
 32334
 32982
 33214
 32772
 32960
 32866
 33116
 32924
 32756
 33120
 32936
 33380
 33078
 32714
 33238
 32588
 33128
 32704
 33238
 33030
 32890
 32928
 32930
 32752
 33076
 33110
 32888
 32856
 33198
 33036
 32914
 32928
 33020
 32784
 33188
 32950
 32888
 32978
 32404
 32936
 32832
 32978
 32752
 33044
 32850
 32720
 33142
 33068
 33086
 33070
 32816
 33080
 33104
 32980
 33094
 32966
 32900
 32752
 32492
 32930
 33156
 33146
 32488
 32664
 33094
 32828
 33240
 32622
 32794
 33106
 32838
 32588
 32702
 32470
 32228
 32918
 32994
 32872
 32904
 32936
 33184
 32712
 32872
 32560
 32816
 32994
 32698
 33000
 33106
 32832
 32548
 32926
 32652
 32878
 32850
 32988
 33038
 32708
 32622
 32730
 33230
 32538
 33070
 32814
 32878
 32772
 33024
 33060
 32706
 32832
 32800
 32684
 33070
 32910
 32720
 33078
 32692
 33208
 33210
 32906
 32984
 32836
 32822
 32466
 32626
 32736
 32900
 32814
 33212
 32638
 32714
 32568
 32540
 33056
 33438
 32888
 32712
 32252
 32804
 32768
 32540
 32920
 32840
 33044
 33368
 32746
 32814
 32836
 32830
 32708
 32832
 33126
 32490
 32830
 32698
 33190
 33128
 33320
 33104
 33050
 33448
 33078
 32860
 32746
 32902
 32956
 32916
 33022
 33036
 32976
 32792
 32864
 33184
 33118
 32966
 32952
 33062
 32444
 32640
 32598
 32852
 32674
 32728
 32666
 32980
 32150
 32474
 32948
 32622
 33172
 33088
 32784
 32724
 32516
 32900
 32974
 32948
 33174
 33124
 32720
 32608
 32908
 32580
 32602
 32918
 33026
 32758
 32648
 32736
 33092
 33006
 32866
 32824
 32728
 32636
 33154
 32884
 32684
 32630
 32870
 33038
 33052
 33588
 32734
 32928
 32982
 32736
 32864
 32864
 32788
 32686
 32520
 32678
 32786
 32948
 33162
 32854
 32786
 33294
 32582
 33300
 32842
 33412
 33104
 33216
 32516
 32788
 32696
 32832
 33286
 32924
 32872
 33378
 32486
 32954
 32724
 33058
 33268
 32860
 32914
 32636
 33024
 32970
 32442
 32916
 32748
 32628
 32360
 32848
 33226
 32702
 32882
 32774
 32910
 32862
 32824
 32902
 32768
 33190
 32660
 32762
 32642
 32982
 33250
 32816
 33052
 32942
 32454
 32868
 32472
 32792
 32878
 32856
 32766
 32680
 33038
 32532
 32948
 32818
 32936
 32964
 33016
 33272
 32926
 33020
 32788
 33232
 33168
 32952
 33218
 32844
 32656
 33100
 32940
 33110
 32978
 33224
 32770
 32866
 32822
 33056
 32822
 33056
 32994
 33102
 33026
 32948
 32722
 32858
 32938
 32898
 32518
 33068
 33246
 32668
 33148
 32734
 32620
 32554
 33182
 32922
 32876
 33274
 32874
 33152
 32738
 32876
 32852
 32686
 32630
 32904
 32674
 32812
 32874
 32486
 33540
 33066
 32776
 32836
 33372
 32968
 32972
 32534
 33384
 32794
 33164
 32860
 32806
 33140
 32816
 33220
 32800
 32346
 32590
 32872
 33094
 33088
 32908
 32822
 33030
 32606
 32730
 32720
 33254
 32360
 32788
 32706
 32558
 32768
 32806
 32842
 33074
 33296
 32928
 33026
 32584
 32748
 32774
 33052
 32144
 32880
 33020
 32980
 32738
 33130
 32462
 32502
 32984
 33142
 33118
 32994
 32866
 32880
 32718
 32746
 32556
 33268
 32552
 32716
 33388
 33192
 33228
 32680
 32994
 32502
 33056
 32492
 32666
 32962
 32900
 32802
 32750
 32968
 32486
 32628
 32814
 32744
 33194
 32718
 32646
 32668
 32954
 32850
 33180
 32678
 32736
 32858
 33242
 32824
 33426
 32748
 32818
 32860
 33034
 32708
 32788
 33168
 33036
 32890
 33236
 32866
 32958
 33128
 32922
 32538
 33020
 33008
 32988
 32822
 32926
 33004
 32926
 33040
 32664
 33050
 32740
 32684
 32934
 33176
 33330
 32514
 32744
 32706
 32786
 32966
 32812
 33152
 33054
 32862
 32574
 33020
 32892
 33194
 33402
 33086
 32836
 33016
 32710
 32800
 32730
 32774
 32864
 32596
 32776
 32612
 32900
 32742
 32824
 32950
 32948
 32912
 32886
 33402
 32598
 32728
 32824
 33276
 32490
 32454
 32738
 33008
 32552
 32902
 32872
 32710
 32804
 33024
 32974
 33026
 32902
 33044
 32626
 32994
 32870
 33144
 32912
 32582
 32678
 32590
 33134
 32728
 32756
 32658
 33334
 32852
 32300
 32732
 33054
 32994
 33068
 33110
 32768
 32850
 32692
 32912
 32722
 32684
 32838
 33044
 33492
 32860
 33140
 32872
 33012
 32914
 32904
 32598
 32570
 32824
 33214
 32742
 32522
 33000
 32446
 33260
 32802
 32966
 32938
 33058
 32794
 33060
 32804
 33024
 32882
 32396
 32820
 32782
 32800
 32326
 33066
 32944
 32894
 32666
 32884
 33000
 32848
 33350
 33344
 32882
 32882
 33068
 33236
 33122
 32852
 33148
 33358
 33084
 33250
 32360
 32912
 32498
 33070
 33358
 33322
 32792
 33210
 32944
 32380
 32816
 32588
 32764
 32850
 32916
 32740
 32750
 33104
 32632
 32666
 32970
 32822
 33446
 32716
 32982
 33202
 32856
 33014
 32666
 32808
 32744
 32896
 32754
 32728
 32628
 33202
 32874
 32654
 32914
 32874
 32900
 33046
 32612
 32992
 33104
 32668
 32758
 32804
 32868
 32896
 32896
 33340
 32622
 32720
 33202
 32980
 32648
 32958
 33064
 32926
 32960
 32860
 32572
 32798
 33082
 32670
 33272
 32986
 32416
 32730
 33286
 32846
 33290
 33056
 33378
 32750
 32802
 33126
 33080
 32902
 33600
 32632
 32934
 33216
 33264
 33358
 32934
 32928
 32918
 33036
 32610
 32774
 32870
 33156
 33098
 33064
 33010
 32904
 32966
 32848
 33220
 32858
 33082
 33478
 32504
 33176
 32774
 33058
 32814
 32810
 33048
 32732
 32560
 32350
 32830
 33326
 32582
 32862
 33188
 32436
 32912
 32968
 33190
 33192
 33006
 32890
 32854
 32510
 32994
 33226
 33060
 32888
 32838
 32490
 33180
 32898
 32910
 32738
 33080
 32582
 32536
 32612
 32882
 32910
 32836
 32976
 33348
 33268
 32878
 32952
 32870
 32904
 32650
 32730
 32612
 33200
 32702
 32434
 32708
 33268
 32734
 33140
 33098
 33062
 32560
 32802
 32676
 33334
 33142
 32838
 33092
 33186
 32734
 32720
 32756
 32812
 33362
 32758
 33314
 33034
 33346
 32928
 32968
 32884
 32964
 32816
 33232
 33072
 33056
 32606
 33086
 33294
 32370
 32730
 32410
 32808
 33308
 33024
 33092
 33122
 32946
 33050
 33168
 32794
 33158
 32734
 33160
 33382
 32896
 33286
 33094
 33092
 32526
 32720
 32640
 33376
 32904
 32972
 32914
 33040
 32862
 32494
 33780
 32376
 32768
 32762
 33052
 32956
 32958
 32408
 33034
 32706
 32660
 32502
 32676
 33022
 33028
 32904
 33070
 32762
 33208
 32790
 33004
 32130
 32856
 32772
 32812
 32856
 32536
 33054
 32922
 32984
 32938
 32876
 32630
 32852
 33258
 32878
 32760
 32818
 33234
 33266
 32938
 32626
 32492
 32494
 32956
 32992
 32694
 32956
 32434
 32804
 33014
 33264
 33072
 32794
 32958
 32652
 32920
 33084
 33086
 32738
 33060
 33084
 32718
 32780
 33352
 33268
 33092
 32542
 32882
 32904
 33064
 33048
 33130
 32924
 32830
 32968
 32828
 32878
 33064
 32892
 32784
 32920
 32754
 32730
 32926
 32988
 33048
 32552
 32398
 33308
 32328
 32768
 32822
 32856
 32990
 32416
 32936
 32952
 32506
 32856
 32670
 32894
 32676
 32972
 32822
 33210
 32816
 32854
 33036
 32652
 32766
 32954
 32930
 32902
 32904
 32606
 32832
 33004
 33254
 32508
 33148
 32612
 32950
 32522
 32866
 33080
 32774
 32734
 32952
 32978
 33270
 32830
 32540
 32860
 32992
 32960
 33132
 33180
 32624
 32848
 32392
 32814
 33244
 32948
 33058
 33008
 32812
 33102
 32870
 32816
 32980
 32674
 33068
 32908
 32596
 32822
 33096
 32564
 33244
 33052
 32766
 32868
 32588
 32928
 32944
 32962
 32960
 33096
 32752
 32950
 32682
 32718
 32950
 33142
 32590
 32730
 32552
 33306
 32776
 33030
 32712
 33176
 33068
 32778
 33048
 33122
 33192
 32782
 32846
 32760
 32672
 32872
 32854
 32316
 32966
 32866
 33006
 32628
 32776
 32292
 32582
 32744
 32578
 33090
 32690
 32972
 32894
 32854
 33066
 33052
 33302
 32550
 33060
 32474
 33044
 32814
 32716
 32848
 33090
 33020
 33212
 32540
 33044
 33134
 33238
 32556
 32736
 33018
 32736
 32710
 32710
 32824
 32706
 33340
 32830
 32738
 32596
 32980
 32748
 33072
 32984
 32532
 32828
 32876
 32868
 32922
 33110
 32536
 32726
 32766
 32860
 33346
 32864
 32550
 33160
 32876
 32806
 33388
 32956
 32854
 33178
 32916
 32978
 32844
 32688
 33010
 33424
 33108
 32780
 33122
 33070
 33356
 32918
 32666
 33088
 32578
 32986
 33162
 32728
 33000
 32772
 32992
 33138
 33164
 33118
 33080
 32644
 32412
 32814
 32950
 32744
 32636
 32510
 33086
 32610
 32658
 33128
 33092
 33078
 33140
 33246
 32958
 32844
 32866
 33136
 33038
 32476
 33210
 33096
 33064
 33010
 33334
 32700
 33336
 32624
 32628
 32658
 33156
 33188
 32834
 32754
 32538
 33124
 32954
 33068
 33162
 32780
 32942
 32746
 32882
 32834
 32982
 33128
 32930
 32520
 32896
 33108
 32432
 32528
 32718
 33190
 32452
 33096
 32680
 32872
 32964
 32786
 33202
 32902
 33046
 32824
 32468
 32594
 32936
 32432
 32200
 32616
 33138
 32738
 32648
 32958
 33106
 33086
 33072
 33256
 33212
 33146
 32790
 32478
 32972
 33002
 33160
 32944
 32912
 32904
 32324
 32672
 33234
 32892
 33200
 32846
 33310
 32600
 32810
 33250
 33208
 32534
 33268
 32992
 32848
 32952
 33338
 33018
 33148
 32426
 32736
 32504
 32802
 33024
 32546
 32734
 33294
 32916
 32796
 32662
 32604
 32970
 32642
 33094
 33304
 32742
 32788
 33426
 32858
 32918
 33036
 32802
 32404
 32816
 32680
 33290
 32596
 33384
 32890
 32764
 33230
 32992
 32742
 33316
 32548
 33544
 32940
 33234
 32954
 32756
 33092
 32904
 32644
 33106
 32852
 32860
 33052
 32470
 32724
 32858
 32870


